50 4 10
000
000
000
100
000
000
001
000
000
000
010
000
000
000
100
000
000
001
000
000
000
010
000
000
000
100
000
000
001
000
000
000
010
000
000
000
100
000
000
001
000
000
000
010
000
000
000
100
000
000
1011
0110
1101
1011
0110
1101
1011
0110
1101
1011
0110
1101
1011
0110
1101
1011
0110
1101
1011
0110
1101
1011
0110
1101
1011
0110
1101
1011
0110
1101
1011
0110
1101
1011
0110
1101
1011
0110
1101
1011
0110
1101
1011
0110
1101
1011
0110
1101
1011
2 1 2 2 1 2 2 1 2 2 1 2 2 1 2 2 1 2 2 1 2 2 1 2 2 1 2 2 1 2 2 1 2 2 1 2 2 1 2 2 1 2 2 1 2 2 1 2 2 1
2
1 1
46 4
2
1 4
47 3
2
2 3
48 2
2
3 2
49 1
2
4 1
49 4
2
4 4
50 3
2
5 3
1 2
2
6 2
2 1
2
7 1
2 4
2
7 4
3 3
