1000
877 330
481 330
689 877
51 877
755 481
880 755
214 689
972 214
457 330
461 51
250 689
178 330
334 461
523 334
557 178
977 334
619 755
491 250
730 557
673 491
666 481
452 214
170 214
590 461
309 491
197 590
976 309
706 491
654 214
300 457
17 977
489 457
317 557
562 880
495 877
341 730
864 178
579 864
825 178
340 825
779 706
280 825
99 457
200 17
160 489
128 341
302 557
572 170
631 489
296 491
111 864
179 457
258 17
114 755
432 491
230 214
94 302
786 230
275 214
909 258
56 309
285 673
676 619
668 579
174 786
95 200
630 557
136 280
358 461
980 654
436 676
338 170
559 200
868 309
365 340
473 250
971 309
688 559
870 877
228 579
419 870
229 481
530 864
958 530
61 330
625 980
664 530
458 330
5 200
521 170
192 160
261 664
778 673
138 136
163 473
326 341
85 572
509 625
206 436
873 619
924 909
21 250
693 489
169 495
512 261
98 340
713 169
662 160
47 976
416 786
607 870
732 258
563 250
943 579
130 489
147 94
783 358
808 419
162 668
718 230
142 563
776 174
733 47
632 98
371 296
43 47
929 365
955 870
363 880
414 47
922 868
22 228
121 512
324 491
862 99
624 693
26 147
904 43
445 579
811 630
519 579
720 473
204 95
597 976
240 786
941 971
551 162
617 562
135 240
89 174
430 174
716 733
667 489
290 776
69 673
446 716
788 358
435 230
899 285
745 261
329 258
127 718
698 958
670 632
183 127
93 617
248 977
830 230
347 99
628 178
189 432
986 689
168 631
372 204
829 720
8 628
382 168
532 21
853 976
761 206
645 330
438 61
643 174
454 670
323 56
333 943
618 929
253 8
575 300
281 899
201 248
641 977
399 909
760 111
931 811
846 206
815 326
837 713
925 5
994 414
659 93
652 662
887 659
797 419
996 512
467 114
612 467
672 972
765 868
499 445
803 797
304 285
775 458
919 454
115 829
224 206
263 26
674 803
58 919
892 732
501 169
947 382
589 720
578 341
727 925
35 142
402 147
86 519
883 892
172 358
581 976
954 713
854 919
478 467
869 296
190 142
995 645
640 128
809 323
938 809
50 435
942 435
791 846
109 640
921 323
566 652
388 530
665 864
812 972
746 489
782 659
264 938
408 572
235 862
603 659
975 172
757 183
544 559
262 248
453 94
878 290
209 589
741 931
102 99
577 741
984 183
860 776
681 168
429 253
384 811
198 127
88 713
299 706
496 624
256 429
696 732
918 47
390 755
770 192
66 296
855 192
349 925
724 8
777 138
949 887
479 86
274 388
690 204
78 761
216 786
762 765
352 281
845 617
125 854
567 837
424 174
547 296
833 179
648 676
553 200
510 317
140 56
218 949
42 980
912 499
622 662
749 200
774 98
889 330
842 854
526 776
766 261
872 461
740 216
318 168
913 281
11 829
24 578
294 198
850 688
793 334
707 919
237 757
158 168
876 931
344 125
418 26
967 347
113 201
844 183
692 35
301 200
386 575
488 512
851 860
861 877
725 845
504 98
316 519
77 352
181 725
621 929
212 250
391 170
367 98
574 931
903 489
351 996
225 95
132 617
267 967
18 921
272 557
464 267
441 924
506 782
480 654
660 17
798 299
332 913
858 224
205 504
380 755
847 281
525 762
828 256
70 285
313 954
282 654
356 115
6 181
76 330
933 26
19 521
74 264
40 302
361 229
814 924
554 85
571 876
966 544
773 262
39 681
508 622
177 256
978 924
721 47
337 696
426 495
155 733
232 426
901 473
305 624
4 664
465 707
456 688
65 232
427 955
462 872
570 408
30 861
400 660
257 532
819 530
728 93
675 30
451 458
502 675
20 724
23 51
314 136
404 206
626 966
327 765
247 253
210 334
484 99
513 333
838 980
560 672
245 125
482 829
542 232
736 457
38 197
896 21
564 659
953 261
841 829
150 506
729 560
661 922
202 779
141 873
891 429
487 776
886 628
620 136
911 557
524 922
890 654
308 632
934 77
691 302
373 566
802 654
440 833
287 732
439 160
448 630
546 20
494 299
594 667
614 631
556 163
576 841
649 676
548 274
768 65
697 372
268 681
821 351
968 869
286 581
362 977
885 891
260 760
569 740
44 808
991 190
605 424
914 713
714 560
412 262
161 575
146 571
529 390
694 649
145 914
303 870
932 494
379 775
60 718
753 891
608 412
514 597
952 290
117 341
882 952
879 453
279 412
836 334
354 661
750 913
647 253
167 694
498 614
653 714
992 145
134 753
466 676
711 713
233 451
428 802
817 564
584 214
433 694
366 6
558 155
894 135
199 4
719 845
627 113
29 65
787 674
606 620
988 44
221 941
518 452
536 313
49 802
252 282
985 817
171 454
677 821
378 206
13 525
231 716
144 145
964 13
246 641
403 584
734 933
176 301
655 494
957 176
600 473
982 388
226 281
893 99
937 733
610 631
756 909
587 197
824 150
633 418
638 830
871 872
100 329
545 11
923 473
840 529
83 878
669 662
543 274
884 113
535 347
234 786
580 170
276 362
623 125
682 24
348 30
998 719
565 779
133 181
72 480
447 786
538 901
41 94
335 675
804 467
867 451
539 121
810 995
900 931
790 363
3 579
92 727
816 403
1 706
154 899
413 975
739 495
500 99
747 892
585 828
90 937
492 216
291 645
471 504
405 577
849 172
62 692
973 83
292 454
604 296
926 181
834 967
915 662
53 435
476 816
695 340
364 976
119 501
423 384
123 361
208 501
325 926
357 404
744 913
203 558
990 711
227 914
475 50
194 816
159 706
561 896
537 308
375 756
534 141
735 93
961 695
927 11
874 627
805 221
969 274
73 316
737 39
223 681
657 44
463 412
679 998
217 466
472 128
360 529
118 119
110 303
715 303
148 6
609 228
686 746
278 276
907 918
642 229
709 118
277 691
684 932
449 757
951 655
383 20
392 167
680 760
754 35
459 272
425 275
270 741
527 169
683 29
149 558
959 968
712 836
483 850
31 696
516 168
108 72
637 308
310 862
101 811
211 572
979 413
940 720
800 205
411 361
186 883
45 147
835 570
271 228
415 392
187 692
956 85
651 317
143 900
540 217
826 896
639 190
293 457
763 754
997 149
963 538
823 575
54 121
831 172
832 915
289 183
36 264
477 770
239 31
122 510
164 39
702 361
792 206
180 123
395 732
946 728
897 508
515 45
166 508
820 56
780 335
928 231
265 499
116 155
443 519
421 780
549 867
322 512
353 76
629 529
68 435
866 979
857 675
528 793
96 360
588 171
7 967
376 257
156 713
120 900
552 402
431 844
131 779
295 519
965 472
708 968
129 619
312 452
241 672
910 159
601 388
55 90
888 415
153 814
881 721
184 558
32 516
254 113
315 990
182 749
409 982
703 296
397 429
420 928
751 496
259 580
410 657
336 885
582 226
63 688
795 51
460 919
342 529
863 197
385 102
437 118
939 76
520 122
710 436
393 424
987 682
220 911
470 499
64 988
635 510
394 218
738 301
185 122
767 677
822 424
906 372
522 814
48 849
28 226
269 133
916 638
71 163
902 334
377 452
945 177
320 626
80 987
157 652
331 421
87 366
152 654
806 802
350 712
517 225
596 211
450 691
16 524
84 894
615 601
485 250
396 245
238 780
742 721
137 896
124 309
701 327
602 318
848 817
82 879
12 632
944 436
249 416
807 632
511 338
974 998
503 600
799 30
188 134
387 463
455 254
106 655
752 11
215 667
611 757
34 725
895 232
771 551
656 791
699 838
550 88
856 853
75 579
497 710
319 441
243 558
222 808
381 152
759 817
10 750
1000 887
613 894
401 98
764 686
507 364
191 294
273 576
59 397
355 870
616 744
57 971
818 269
989 466
27 489
195 925
687 326
505 773
297 695
442 224
636 518
875 817
398 34
723 807
328 670
9 844
126 514
422 373
993 636
266 385
165 683
193 124
67 320
743 719
105 487
758 757
948 250
671 484
15 819
493 744
33 818
307 997
242 712
533 524
908 749
726 500
213 712
37 955
389 841
173 13
103 834
474 71
920 623
486 883
705 690
917 287
634 456
311 799
658 513
339 766
852 925
104 347
541 656
255 464
244 408
175 790
407 542
531 429
599 822
370 986
107 901
731 262
555 861
981 71
81 257
772 279
827 293
298 86
52 457
46 275
591 833
586 978
784 948
678 661
284 172
685 230
785 868
346 698
196 130
598 59
593 276
368 515
112 464
374 928
583 488
843 770
722 783
306 65
839 27
321 388
444 851
999 739
936 858
794 966
207 535
983 734
369 702
704 609
796 991
859 780
97 33
469 537
905 832
406 392
748 200
359 704
813 765
251 886
644 610
573 57
2 463
468 55
898 7
139 776
700 551
151 403
801 898
434 239
343 428
595 156
650 543
79 996
236 664
663 458
14 164
417 641
717 368
490 464
646 996
960 128
950 301
91 551
935 102
962 591
781 196
288 94
345 64
568 5
769 79
930 684
789 412
219 356
592 571
865 548
283 989
970 769
25 333
241 672
107 901
131 779
264 938
482 829
284 172
573 57
671 484
238 780
716 733
806 802
790 363
94 302
545 11
927 11
953 261
368 515
120 900
973 83
244 408
228 579
660 17
266 385
611 757
102 99
403 584
655 494
757 183
576 841
963 538
127 718
344 125
777 138
42 980
363 880
786 230
449 757
654 214
901 473
385 102
410 657
202 779
569 740
995 645
213 712
434 239
406 392
11 829
114 755
546 20
291 645
181 725
960 128
514 597
916 638
39 681
778 673
564 659
801 898
341 730
369 702
804 467
570 408
324 491
500 99
748 200
83 878
418 26
92 727
687 326
814 924
501 169
974 998
865 548
402 147
306 65
680 760
528 793
138 136
913 281
457 330
333 943
224 206
597 976
223 681
476 816
262 248
319 441
710 436
958 530
635 510
146 571
889 330
819 530
832 915
637 308
720 473
529 390
446 716
407 542
822 424
594 667
429 253
713 169
510 317
695 340
881 721
463 412
965 472
194 816
537 308
397 429
649 676
920 623
273 576
550 88
409 982
473 250
365 340
987 682
490 464
465 707
163 473
232 426
47 976
609 228
746 489
565 779
658 513
583 488
275 214
35 142
915 662
750 913
124 309
136 280
691 302
282 654
89 174
317 557
195 925
236 664
111 864
298 86
541 656
80 987
906 372
260 760
377 452
44 808
961 695
731 262
605 424
574 931
468 55
970 769
779 706
629 529
817 564
474 71
793 334
592 571
508 622
438 61
315 990
345 64
86 519
566 652
811 630
835 570
551 162
414 47
989 466
405 577
76 330
5 200
103 834
818 269
767 677
364 976
831 172
590 461
918 47
895 232
622 662
894 135
274 388
14 164
923 473
862 99
587 197
22 228
16 524
903 489
445 579
231 716
768 65
730 557
492 216
769 79
715 303
354 661
186 883
523 334
536 313
400 660
559 200
951 655
451 458
143 900
235 862
993 636
467 114
280 825
765 868
689 877
159 706
997 149
58 919
456 688
349 925
518 452
24 578
448 630
828 256
598 59
1000 887
681 168
398 34
504 98
606 620
954 713
736 457
714 560
547 296
520 122
70 285
17 977
555 861
389 841
945 177
185 122
838 980
31 696
577 741
839 27
148 6
340 825
152 654
709 118
208 501
75 579
304 285
108 72
672 972
696 732
859 780
210 334
100 329
166 508
59 397
760 111
515 45
854 919
357 404
90 937
582 226
884 113
401 98
673 491
753 891
93 617
800 205
72 480
450 691
937 733
771 551
969 274
990 711
959 968
985 817
308 632
742 721
855 192
798 299
370 986
833 179
624 693
712 836
876 931
65 232
619 755
656 791
134 753
872 461
441 924
62 692
994 414
729 560
530 864
297 695
380 755
243 558
162 668
318 168
728 93
30 861
782 659
205 504
257 532
430 174
71 163
289 183
781 196
420 928
863 197
305 624
20 724
271 228
556 163
2 463
91 551
698 958
579 864
925 5
914 713
1 706
459 272
129 619
984 183
776 174
632 98
137 896
623 125
904 43
825 178
694 649
248 977
261 664
18 921
966 544
820 56
329 258
932 494
845 617
251 886
258 17
122 510
667 489
372 204
978 924
933 26
139 776
934 77
787 674
367 98
972 214
53 435
503 600
55 90
411 361
733 47
584 214
471 504
135 240
852 925
775 458
54 121
234 786
498 614
69 673
975 172
949 887
900 931
929 365
316 519
595 156
82 879
10 750
867 451
950 301
513 333
66 296
197 590
621 929
175 790
661 922
123 361
342 529
321 388
880 755
327 765
519 579
955 870
924 909
227 914
193 124
952 290
38 197
829 720
553 200
87 366
60 718
526 776
931 811
650 543
378 206
77 352
421 780
442 224
651 317
204 95
25 333
754 35
803 797
346 698
762 765
755 481
976 309
45 147
589 720
917 287
219 356
112 464
868 309
189 432
887 659
495 877
662 160
789 412
840 529
147 94
580 170
307 997
358 461
575 300
161 575
356 115
568 5
56 309
799 30
200 17
616 744
905 832
323 56
864 178
928 231
930 684
150 506
549 867
991 190
256 429
99 457
944 436
677 821
686 746
875 817
422 373
926 181
879 453
67 320
28 226
496 624
149 558
335 675
898 7
313 954
249 416
395 732
979 413
634 456
796 991
475 50
444 851
6 181
602 318
640 128
439 160
625 980
968 869
408 572
85 572
910 159
669 662
336 885
886 628
690 204
653 714
558 155
440 833
739 495
744 913
938 809
552 402
489 457
460 919
795 51
610 631
921 323
560 672
68 435
427 955
700 551
719 845
764 686
15 819
169 495
741 931
890 654
612 467
783 358
299 706
399 909
707 919
618 929
630 557
113 201
936 858
217 466
860 776
359 704
848 817
613 894
486 883
179 457
688 559
240 786
732 258
481 330
692 35
535 347
628 178
412 262
158 168
338 170
892 732
607 870
326 341
615 601
225 95
160 489
617 562
259 580
394 218
722 783
73 316
239 31
593 276
717 368
362 977
647 253
192 160
142 563
844 183
253 8
164 39
608 412
866 979
267 967
361 229
51 877
614 631
747 892
507 364
563 250
464 267
424 174
648 676
797 419
36 264
116 155
999 739
187 692
488 512
738 301
310 862
638 830
237 757
34 725
877 330
437 118
157 652
830 230
785 868
586 978
300 457
413 975
415 392
497 710
19 521
290 776
603 659
971 309
893 99
538 901
216 786
348 30
487 776
718 230
379 775
174 786
74 264
701 327
578 341
982 388
631 489
57 971
685 230
882 952
657 44
278 276
252 282
23 51
823 575
373 566
101 811
947 382
846 206
792 206
46 275
567 837
360 529
334 461
693 489
956 85
585 828
312 452
255 464
548 274
466 676
869 296
452 214
752 11
198 127
853 976
809 323
178 330
773 262
992 145
97 33
431 844
96 360
891 429
221 941
517 225
534 141
29 65
190 142
948 250
627 113
533 524
480 654
870 877
383 20
98 340
426 495
8 628
396 245
708 968
454 670
850 688
907 918
41 94
983 734
425 275
633 418
721 47
263 26
222 808
874 627
292 454
207 535
311 799
33 818
734 933
682 24
145 914
639 190
322 512
807 632
502 675
642 229
723 807
813 765
668 579
620 136
12 632
371 296
483 850
808 419
774 98
287 732
453 94
600 473
646 996
182 749
156 713
303 870
539 121
233 451
110 303
827 293
478 467
154 899
391 170
4 664
443 519
702 361
726 500
302 557
199 4
384 811
821 351
339 766
118 119
50 435
940 720
432 491
941 971
704 609
352 281
981 71
285 673
40 302
314 136
802 654
201 248
857 675
279 412
52 457
964 13
939 76
477 770
485 250
643 174
43 47
491 250
246 641
922 868
269 133
472 128
265 499
212 250
499 445
851 860
659 93
79 996
343 428
293 457
254 113
151 403
561 896
967 347
912 499
226 281
350 712
766 261
996 512
9 844
794 966
484 99
962 591
626 966
390 755
676 619
909 258
816 403
214 689
784 948
173 13
130 489
277 691
512 261
980 654
599 822
320 626
572 170
908 749
740 216
436 676
878 290
21 250
416 786
943 579
247 253
761 206
309 491
353 76
462 872
571 876
805 221
652 662
919 454
81 257
301 200
683 29
469 537
516 168
724 8
942 435
337 696
203 558
106 655
183 127
678 661
245 125
433 694
229 481
675 30
810 995
393 424
902 334
665 864
126 514
276 362
706 491
888 415
168 631
511 338
737 39
843 770
745 261
772 279
64 988
858 224
184 558
435 230
873 619
286 581
861 877
374 928
705 690
509 625
48 849
525 762
604 296
837 713
176 301
557 178
664 530
376 257
281 899
295 519
743 719
325 926
95 200
727 925
355 870
679 998
725 845
366 6
283 989
697 372
133 181
388 530
455 254
522 814
645 330
834 967
417 641
447 786
170 214
404 206
196 130
479 86
532 21
749 200
109 640
230 214
588 171
735 93
711 713
842 854
128 341
125 854
911 557
977 334
288 94
115 829
763 754
294 198
209 589
153 814
121 512
826 896
935 102
27 489
540 217
684 932
3 579
591 833
670 632
272 557
505 773
105 487
387 463
84 894
493 744
524 922
531 429
78 761
521 170
49 802
470 499
703 296
351 996
988 44
899 285
296 491
554 85
188 134
63 688
461 51
871 872
885 891
347 99
180 123
386 575
836 334
847 281
119 501
699 838
13 525
663 458
419 870
167 694
165 683
172 358
506 782
644 610
132 617
815 326
946 728
26 147
423 384
986 689
140 56
562 880
328 670
331 421
215 667
849 172
392 167
756 909
32 516
841 829
206 436
250 689
788 358
791 846
7 967
641 977
382 168
242 712
674 803
527 169
957 176
770 192
381 152
428 802
220 911
856 853
37 955
666 481
88 713
759 817
144 145
896 21
177 256
211 572
458 330
494 299
998 719
543 274
332 913
596 211
581 976
751 496
780 335
117 341
375 756
897 508
542 232
544 559
270 741
61 330
104 347
812 972
191 294
155 733
824 150
218 949
268 681
601 388
758 757
171 454
636 518
141 873
883 892
