60
40 114 8 82 120 92 87 58 77 65 66 81 80 31 46 98 25 104 68 78 43 88 107 79 57 99 93 96 44 94 70 67 112 111 38 103 90 97 71 108 86 106 113 89 50 117 52 69 118 51 100 9 85 116 115 119 101 83 109 60
4 54 6 34 29 18 5 35 74 12 13 73 64 22 1 56 14 21 62 2 24 15 55 59 37 10 72 27 19 53 41 17 3 49 26 30 42 16 28 48 75 91 76 84 39 45 33 61 102 32 95 7 36 47 110 63 11 23 105 20
50
1 60
1 59
3 60
55 59
1 50
16 34
1 60
1 53
9 60
10 31
1 19
10 28
1 60
1 47
15 60
46 57
30 38
32 35
1 60
1 41
21 60
13 59
52 54
46 51
1 60
1 35
27 60
27 33
10 54
4 5
1 60
1 29
33 60
36 45
38 46
10 27
1 60
1 23
39 60
43 51
47 53
6 17
1 60
1 17
45 60
3 22
32 44
1 5
1 60
1 11
