1000
553 554
687 688
871 872
761 762
512 513
901 902
130 131
803 804
462 463
860 861
27 28
783 784
572 573
823 824
427 428
399 400
102 103
833 834
88 89
686 687
824 825
634 635
447 448
804 805
724 725
841 842
723 724
469 470
679 680
353 354
251 252
564 565
845 846
90 91
837 838
345 346
187 188
596 597
501 502
43 44
964 965
124 125
18 19
618 619
423 424
550 551
429 430
327 328
942 943
700 701
211 212
938 939
442 443
59 60
149 150
125 126
113 114
246 247
899 900
673 674
680 681
330 331
73 74
263 264
554 555
889 890
35 36
129 130
158 159
697 698
628 629
1 2
949 950
390 391
576 577
93 94
15 16
339 340
537 538
523 524
904 905
966 967
488 489
210 211
767 768
91 92
984 985
411 412
281 282
907 908
316 317
377 378
424 425
48 49
660 661
89 90
870 871
665 666
428 429
235 236
635 636
300 301
204 205
33 34
265 266
690 691
295 296
183 184
699 700
482 483
905 906
264 265
774 775
445 446
2 3
76 77
38 39
191 192
72 73
834 835
878 879
704 705
357 358
36 37
763 764
13 14
444 445
314 315
329 330
225 226
772 773
603 604
798 799
944 945
111 112
778 779
131 132
539 540
19 20
706 707
101 102
652 653
842 843
366 367
716 717
461 462
817 818
387 388
240 241
414 415
807 808
808 809
748 749
677 678
233 234
532 533
382 383
507 508
985 986
83 84
289 290
379 380
604 605
431 432
998 999
30 31
326 327
950 951
405 406
642 643
63 64
359 360
726 727
237 238
319 320
311 312
70 71
344 345
827 828
301 302
991 992
777 778
416 417
58 59
474 475
622 623
954 955
941 942
20 21
417 418
159 160
882 883
135 136
903 904
828 829
100 101
77 78
705 706
569 570
872 873
343 344
87 88
786 787
426 427
224 225
369 370
969 970
731 732
104 105
430 431
282 283
480 481
543 544
945 946
617 618
951 952
775 776
367 368
128 129
989 990
527 528
315 316
791 792
467 468
112 113
912 913
493 494
978 979
393 394
916 917
843 844
270 271
846 847
312 313
518 519
156 157
701 702
592 593
545 546
883 884
75 76
515 516
271 272
323 324
597 598
79 80
760 761
143 144
66 67
994 995
584 585
917 918
288 289
670 671
850 851
530 531
812 813
749 750
236 237
880 881
730 731
953 954
862 863
929 930
897 898
838 839
338 339
420 421
304 305
166 167
746 747
297 298
789 790
546 547
506 507
962 963
975 976
8 9
118 119
163 164
718 719
658 659
936 937
322 323
308 309
875 876
317 318
290 291
819 820
913 914
320 321
470 471
167 168
814 815
957 958
910 911
50 51
99 100
988 989
486 487
858 859
392 393
21 22
657 658
521 522
856 857
708 709
600 601
776 777
924 925
32 33
741 742
361 362
115 116
692 693
138 139
188 189
491 492
980 981
549 550
154 155
477 478
65 66
174 175
116 117
559 560
756 757
644 645
325 326
520 521
529 530
682 683
503 504
793 794
956 957
218 219
891 892
863 864
400 401
552 553
71 72
349 350
715 716
599 600
788 789
95 96
454 455
365 366
11 12
232 233
47 48
620 621
676 677
759 760
586 587
505 506
252 253
243 244
351 352
419 420
292 293
114 115
867 868
869 870
247 248
328 329
94 95
893 894
279 280
940 941
192 193
459 460
176 177
839 840
516 517
733 734
725 726
968 969
425 426
696 697
150 151
49 50
519 520
500 501
109 110
385 386
810 811
612 613
298 299
321 322
558 559
649 650
859 860
358 359
121 122
206 207
139 140
952 953
540 541
982 983
681 682
770 771
753 754
168 169
373 374
999 1000
492 493
821 822
831 832
765 766
764 765
262 263
736 737
678 679
220 221
591 592
873 874
737 738
965 966
360 361
216 217
685 686
460 461
691 692
848 849
566 567
53 54
136 137
140 141
441 442
487 488
939 940
403 404
455 456
857 858
578 579
29 30
17 18
276 277
386 387
923 924
694 695
886 887
23 24
544 545
404 405
221 222
709 710
743 744
990 991
302 303
826 827
257 258
272 273
703 704
797 798
601 602
309 310
255 256
585 586
663 664
976 977
335 336
9 10
217 218
280 281
667 668
820 821
542 543
69 70
123 124
624 625
299 300
534 535
287 288
932 933
983 984
332 333
415 416
120 121
61 62
82 83
397 398
260 261
779 780
621 622
888 889
269 270
254 255
780 781
535 536
169 170
594 595
847 848
457 458
509 510
698 699
792 793
464 465
986 987
141 142
181 182
433 434
153 154
995 996
245 246
226 227
171 172
67 68
514 515
781 782
185 186
212 213
285 286
46 47
200 201
894 895
729 730
362 363
177 178
57 58
960 961
946 947
615 616
498 499
861 862
853 854
661 662
376 377
412 413
394 395
55 56
199 200
293 294
773 774
528 529
261 262
450 451
96 97
669 670
354 355
623 624
671 672
664 665
866 867
633 634
12 13
241 242
22 23
201 202
971 972
948 949
190 191
222 223
337 338
249 250
14 15
588 589
914 915
757 758
713 714
208 209
595 596
830 831
494 495
782 783
119 120
278 279
654 655
751 752
490 491
524 525
172 173
574 575
391 392
641 642
64 65
714 715
275 276
762 763
26 27
161 162
992 993
44 45
92 93
581 582
835 836
619 620
568 569
186 187
352 353
375 376
993 994
836 837
605 606
408 409
769 770
892 893
39 40
593 594
305 306
575 576
105 106
465 466
324 325
446 447
906 907
818 819
479 480
422 423
800 801
396 397
126 127
497 498
794 795
341 342
45 46
717 718
918 919
41 42
157 158
868 869
499 500
205 206
790 791
3 4
881 882
720 721
103 104
947 948
522 523
548 549
256 257
561 562
180 181
348 349
178 179
137 138
655 656
165 166
106 107
785 786
902 903
711 712
148 149
955 956
744 745
303 304
407 408
436 437
34 35
560 561
432 433
513 514
37 38
74 75
996 997
7 8
693 694
333 334
933 934
613 614
755 756
384 385
313 314
626 627
107 108
551 552
439 440
937 938
771 772
443 444
722 723
342 343
291 292
406 407
421 422
151 152
453 454
879 880
175 176
230 231
579 580
656 657
189 190
145 146
40 41
735 736
133 134
374 375
117 118
541 542
132 133
242 243
625 626
475 476
134 135
370 371
852 853
227 228
182 183
747 748
56 57
78 79
54 55
750 751
645 646
754 755
213 214
476 477
931 932
577 578
10 11
801 802
662 663
959 960
632 633
449 450
813 814
728 729
967 968
273 274
202 203
977 978
900 901
784 785
533 534
943 944
832 833
334 335
887 888
567 568
296 297
418 419
608 609
606 607
496 497
440 441
42 43
639 640
963 964
556 557
452 453
195 196
740 741
463 464
277 278
122 123
854 855
811 812
885 886
250 251
927 928
865 866
981 982
142 143
997 998
958 959
372 373
504 505
758 759
627 628
86 87
908 909
173 174
231 232
108 109
215 216
930 931
695 696
589 590
234 235
710 711
979 980
398 399
570 571
721 722
52 53
85 86
547 548
346 347
389 390
258 259
895 896
306 307
485 486
598 599
650 651
127 128
484 485
331 332
381 382
60 61
286 287
253 254
146 147
283 284
815 816
638 639
921 922
438 439
909 910
472 473
214 215
636 637
489 490
768 769
563 564
683 684
448 449
4 5
630 631
898 899
340 341
611 612
928 929
787 788
795 796
607 608
538 539
555 556
51 52
919 920
745 746
637 638
587 588
97 98
925 926
802 803
110 111
193 194
851 852
738 739
643 644
659 660
525 526
616 617
502 503
974 975
473 474
371 372
495 496
557 558
526 527
228 229
653 654
81 82
840 841
672 673
25 26
739 740
198 199
689 690
152 153
973 974
28 29
610 611
565 566
155 156
766 767
6 7
144 145
458 459
816 817
451 452
401 402
571 572
934 935
732 733
666 667
877 878
471 472
734 735
707 708
239 240
864 865
926 927
347 348
531 532
562 563
223 224
688 689
920 921
727 728
248 249
197 198
573 574
809 810
508 509
876 877
435 436
874 875
805 806
5 6
855 856
590 591
336 337
468 469
712 713
378 379
640 641
388 389
911 912
825 826
614 615
844 845
267 268
719 720
829 830
752 753
970 971
849 850
481 482
822 823
648 649
961 962
434 435
466 467
517 518
229 230
219 220
268 269
364 365
383 384
368 369
806 807
915 916
582 583
437 438
395 396
972 973
380 381
478 479
796 797
209 210
510 511
350 351
84 85
583 584
402 403
799 800
244 245
62 63
602 603
162 163
194 195
413 414
987 988
410 411
307 308
629 630
456 457
274 275
310 311
609 610
184 185
922 923
646 647
631 632
98 99
647 648
651 652
164 165
160 161
294 295
580 581
80 81
284 285
896 897
259 260
511 512
355 356
684 685
935 936
890 891
409 410
179 180
668 669
318 319
266 267
483 484
147 148
675 676
702 703
884 885
24 25
742 743
203 204
16 17
356 357
207 208
674 675
536 537
68 69
238 239
196 197
31 32
363 364
170 171
