3000
2999 3000
2998 2999
2997 2999
2996 3000
2995 2996
2994 3000
2993 2998
2992 2993
2991 2997
2990 2992
2989 2991
2988 2994
2987 2995
2986 2996
2985 2996
2984 2999
2983 3000
2982 2985
2981 2986
2980 2999
2979 2989
2978 2992
2977 2994
2976 2994
2975 2990
2974 3000
2973 2985
2972 2983
2971 2988
2970 2971
2969 2976
2968 3000
2967 2995
2966 2989
2965 2974
2964 2996
2963 2978
2962 2966
2961 2970
2960 2980
2959 2968
2958 2973
2957 2988
2956 2965
2955 2974
2954 2992
2953 2987
2952 2994
2951 2975
2950 2980
2949 2950
2948 2970
2947 2964
2946 2948
2945 2980
2944 2962
2943 2989
2942 2952
2941 2986
2940 2953
2939 2971
2938 2948
2937 2970
2936 2989
2935 2947
2934 2939
2933 2974
2932 2944
2931 2957
2930 2938
2929 2939
2928 2948
2927 2937
2926 2989
2925 2960
2924 2935
2923 2940
2922 2952
2921 2926
2920 2986
2919 2953
2918 2965
2917 2957
2916 2928
2915 2931
2914 2986
2913 2914
2912 2946
2911 2986
2910 2946
2909 2998
2908 2942
2907 2980
2906 2996
2905 2942
2904 2981
2903 2929
2902 2958
2901 2984
2900 2901
2899 2908
2898 2959
2897 2968
2896 2898
2895 2979
2894 2955
2893 2943
2892 2952
2891 2944
2890 2950
2889 2994
2888 2904
2887 2943
2886 2929
2885 2997
2884 2916
2883 2951
2882 2936
2881 2954
2880 2983
2879 2900
2878 2977
2877 2929
2876 2888
2875 2950
2874 2925
2873 2969
2872 2907
2871 2882
2870 2921
2869 2988
2868 2990
2867 2911
2866 2933
2865 2876
2864 2888
2863 2922
2862 2929
2861 2956
2860 2882
2859 2890
2858 2955
2857 2874
2856 2920
2855 2924
2854 2869
2853 2991
2852 2889
2851 2893
2850 2902
2849 2988
2848 2910
2847 3000
2846 2998
2845 2873
2844 2884
2843 2899
2842 2922
2841 2881
2840 2841
2839 2996
2838 2955
2837 2948
2836 2844
2835 2885
2834 2876
2833 2951
2832 2941
2831 2996
2830 2900
2829 2917
2828 2869
2827 2935
2826 2952
2825 2950
2824 2888
2823 2964
2822 2911
2821 2846
2820 2908
2819 2936
2818 2952
2817 2843
2816 2841
2815 2825
2814 2975
2813 2969
2812 2927
2811 2821
2810 2907
2809 2923
2808 2861
2807 2930
2806 2847
2805 2953
2804 2931
2803 2887
2802 2937
2801 2961
2800 2867
2799 2913
2798 2900
2797 2913
2796 2894
2795 2803
2794 2988
2793 2896
2792 2916
2791 2836
2790 2798
2789 2902
2788 2987
2787 2968
2786 2811
2785 2974
2784 2959
2783 2902
2782 2795
2781 2937
2780 2931
2779 2783
2778 2928
2777 2965
2776 2822
2775 2956
2774 2898
2773 2802
2772 2983
2771 2867
2770 2807
2769 2823
2768 2870
2767 2864
2766 2827
2765 2875
2764 2949
2763 2789
2762 2900
2761 2919
2760 2781
2759 2861
2758 2824
2757 2997
2756 3000
2755 2926
2754 2756
2753 2875
2752 2830
2751 2894
2750 2781
2749 2751
2748 2800
2747 2783
2746 2850
2745 2953
2744 2800
2743 2800
2742 2749
2741 2891
2740 2866
2739 2821
2738 2764
2737 2932
2736 2989
2735 2900
2734 2806
2733 2918
2732 2781
2731 2739
2730 2810
2729 2778
2728 2769
2727 2856
2726 2837
2725 2918
2724 2835
2723 2833
2722 2938
2721 2915
2720 2844
2719 2818
2718 2858
2717 2886
2716 2720
2715 2942
2714 2991
2713 2864
2712 2881
2711 2991
2710 2802
2709 2737
2708 2954
2707 2999
2706 2719
2705 2812
2704 2785
2703 2892
2702 2923
2701 2714
2700 2717
2699 2728
2698 2737
2697 2801
2696 2916
2695 2747
2694 2881
2693 2872
2692 2966
2691 2957
2690 2940
2689 2840
2688 2900
2687 2857
2686 2912
2685 2942
2684 2856
2683 2805
2682 2878
2681 2771
2680 2983
2679 2880
2678 2855
2677 2976
2676 2808
2675 2825
2674 2997
2673 2883
2672 2990
2671 2974
2670 2684
2669 2679
2668 2851
2667 2984
2666 2858
2665 2677
2664 2982
2663 2889
2662 2685
2661 2723
2660 2839
2659 2913
2658 2762
2657 2992
2656 2856
2655 2776
2654 2955
2653 2878
2652 2882
2651 2718
2650 2957
2649 2989
2648 2711
2647 2761
2646 2924
2645 2659
2644 2888
2643 2759
2642 2880
2641 2864
2640 2790
2639 2942
2638 2956
2637 2952
2636 2850
2635 2708
2634 2638
2633 2836
2632 2659
2631 2883
2630 2923
2629 2967
2628 2685
2627 2628
2626 2778
2625 2939
2624 2678
2623 2965
2622 2711
2621 2953
2620 2781
2619 2884
2618 2960
2617 2887
2616 2906
2615 2943
2614 2893
2613 2929
2612 2983
2611 2843
2610 2855
2609 2884
2608 2672
2607 2763
2606 2775
2605 2672
2604 2877
2603 2654
2602 2638
2601 2919
2600 2831
2599 2892
2598 2668
2597 2606
2596 2769
2595 2826
2594 2879
2593 2777
2592 2879
2591 2747
2590 2963
2589 2784
2588 2643
2587 2901
2586 2991
2585 2853
2584 2930
2583 2884
2582 2857
2581 2984
2580 2953
2579 2922
2578 2974
2577 2637
2576 2596
2575 2806
2574 2654
2573 2769
2572 2809
2571 2949
2570 2722
2569 2651
2568 2890
2567 2737
2566 2628
2565 2707
2564 2615
2563 2706
2562 2846
2561 2738
2560 2923
2559 2733
2558 2638
2557 2761
2556 2976
2555 2609
2554 2795
2553 2710
2552 2941
2551 2813
2550 2868
2549 2833
2548 2859
2547 2687
2546 2631
2545 2989
2544 2698
2543 2931
2542 2631
2541 2998
2540 2964
2539 2621
2538 2705
2537 2598
2536 2646
2535 2740
2534 2712
2533 2672
2532 2691
2531 2871
2530 2603
2529 2717
2528 2900
2527 2819
2526 2569
2525 2772
2524 2837
2523 2579
2522 2829
2521 2902
2520 2597
2519 2549
2518 2694
2517 2589
2516 2990
2515 2711
2514 2579
2513 2536
2512 2676
2511 2956
2510 2916
2509 2601
2508 2649
2507 2721
2506 2664
2505 2874
2504 2930
2503 2930
2502 2878
2501 2579
2500 2753
2499 2505
2498 2705
2497 2902
2496 2515
2495 2974
2494 2530
2493 2537
2492 2971
2491 2675
2490 2666
2489 2895
2488 2878
2487 2520
2486 2877
2485 2585
2484 2734
2483 2847
2482 2676
2481 2886
2480 2686
2479 2539
2478 2611
2477 2903
2476 2766
2475 2953
2474 2733
2473 2474
2472 2951
2471 2739
2470 2887
2469 2918
2468 2794
2467 2656
2466 2629
2465 2953
2464 2793
2463 2499
2462 2879
2461 2501
2460 2499
2459 2588
2458 2609
2457 2477
2456 2654
2455 2469
2454 2611
2453 2724
2452 2571
2451 2968
2450 2464
2449 2718
2448 2806
2447 2479
2446 2751
2445 2641
2444 2508
2443 2749
2442 2839
2441 2752
2440 2561
2439 2606
2438 2997
2437 2779
2436 2768
2435 2775
2434 2705
2433 2509
2432 2504
2431 2992
2430 2967
2429 2578
2428 2828
2427 2878
2426 2964
2425 2587
2424 2702
2423 2998
2422 2637
2421 2944
2420 2963
2419 2599
2418 2722
2417 2685
2416 2428
2415 2834
2414 2620
2413 2598
2412 2786
2411 2439
2410 2762
2409 2715
2408 2826
2407 2415
2406 2709
2405 2752
2404 2567
2403 2667
2402 2435
2401 2554
2400 2691
2399 2902
2398 2831
2397 2618
2396 2649
2395 2664
2394 2921
2393 2900
2392 2583
2391 2712
2390 2783
2389 2844
2388 2989
2387 2516
2386 2738
2385 2470
2384 2828
2383 2799
2382 2730
2381 2919
2380 2414
2379 2470
2378 2562
2377 2446
2376 2518
2375 2750
2374 2953
2373 2855
2372 2426
2371 2497
2370 2708
2369 2745
2368 2734
2367 2678
2366 2667
2365 2985
2364 2988
2363 2673
2362 2728
2361 2634
2360 2538
2359 2745
2358 2812
2357 2437
2356 2790
2355 2461
2354 2698
2353 2977
2352 2795
2351 2779
2350 2619
2349 2882
2348 2815
2347 2675
2346 2536
2345 2711
2344 2406
2343 2698
2342 2421
2341 2588
2340 2377
2339 2360
2338 2430
2337 2766
2336 2694
2335 2543
2334 2680
2333 2675
2332 2579
2331 2790
2330 2840
2329 2769
2328 2969
2327 2622
2326 2909
2325 2638
2324 2656
2323 2915
2322 2617
2321 2593
2320 2703
2319 2416
2318 2534
2317 2512
2316 2777
2315 2529
2314 2768
2313 2997
2312 2682
2311 2829
2310 2505
2309 2912
2308 2802
2307 2419
2306 2431
2305 2948
2304 2858
2303 2329
2302 2629
2301 2883
2300 2608
2299 2873
2298 2935
2297 2898
2296 2908
2295 2738
2294 2606
2293 2614
2292 2772
2291 2510
2290 2517
2289 2718
2288 2889
2287 2612
2286 2763
2285 2598
2284 2711
2283 2923
2282 2592
2281 2633
2280 2478
2279 2840
2278 2752
2277 2542
2276 2776
2275 2813
2274 2481
2273 2557
2272 2601
2271 2510
2270 3000
2269 2717
2268 2710
2267 2914
2266 2902
2265 2907
2264 2422
2263 2848
2262 2379
2261 2342
2260 2857
2259 2992
2258 2870
2257 2626
2256 2908
2255 2898
2254 2482
2253 2519
2252 2971
2251 2423
2250 2542
2249 2576
2248 2815
2247 2752
2246 2281
2245 2664
2244 2306
2243 2819
2242 2574
2241 2840
2240 2866
2239 2709
2238 2719
2237 2641
2236 2917
2235 2390
2234 2891
2233 2306
2232 2820
2231 2378
2230 2390
2229 2828
2228 2653
2227 2245
2226 2518
2225 2371
2224 2793
2223 2380
2222 2635
2221 2583
2220 2454
2219 2336
2218 2584
2217 2706
2216 2959
2215 2671
2214 2750
2213 2888
2212 2229
2211 2874
2210 2273
2209 2522
2208 2737
2207 2327
2206 2497
2205 2890
2204 2567
2203 2240
2202 2936
2201 2927
2200 2937
2199 2833
2198 2891
2197 2739
2196 2613
2195 2796
2194 2970
2193 2641
2192 2846
2191 2393
2190 2643
2189 2551
2188 2572
2187 2856
2186 2969
2185 2636
2184 2519
2183 2565
2182 2840
2181 2354
2180 2637
2179 2288
2178 2570
2177 2584
2176 2725
2175 2741
2174 2251
2173 2532
2172 2349
2171 2204
2170 2343
2169 2341
2168 2381
2167 2188
2166 2343
2165 2833
2164 2210
2163 2986
2162 2655
2161 2436
2160 2728
2159 2368
2158 2223
2157 2804
2156 2952
2155 2233
2154 2610
2153 2565
2152 2826
2151 2306
2150 2304
2149 2830
2148 2756
2147 2471
2146 2404
2145 2901
2144 2286
2143 2376
2142 2598
2141 2404
2140 2274
2139 2535
2138 2449
2137 2554
2136 2603
2135 2715
2134 2672
2133 2492
2132 2521
2131 2758
2130 2416
2129 2802
2128 2442
2127 2248
2126 2190
2125 2880
2124 2256
2123 2928
2122 2330
2121 2823
2120 2428
2119 2641
2118 2825
2117 2429
2116 2941
2115 2777
2114 2699
2113 2263
2112 2596
2111 2413
2110 2719
2109 2698
2108 2937
2107 2152
2106 2524
2105 2391
2104 2564
2103 2590
2102 2813
2101 2622
2100 2217
2099 2515
2098 2279
2097 2703
2096 2355
2095 2648
2094 2617
2093 2132
2092 2965
2091 2130
2090 2269
2089 2593
2088 2495
2087 2734
2086 2393
2085 2983
2084 2926
2083 2107
2082 2289
2081 2838
2080 2838
2079 2712
2078 2246
2077 2437
2076 2905
2075 2298
2074 2243
2073 2457
2072 2917
2071 2769
2070 2654
2069 2283
2068 2226
2067 2421
2066 2358
2065 2850
2064 2929
2063 2492
2062 2787
2061 2642
2060 2168
2059 2647
2058 2425
2057 2119
2056 2384
2055 2528
2054 2233
2053 2080
2052 2703
2051 2570
2050 2991
2049 2730
2048 2645
2047 2617
2046 2498
2045 2137
2044 2496
2043 2720
2042 2534
2041 2448
2040 2470
2039 2931
2038 2935
2037 2979
2036 2350
2035 2990
2034 2959
2033 2135
2032 2927
2031 2820
2030 2083
2029 2421
2028 2816
2027 2938
2026 2893
2025 2300
2024 2516
2023 2736
2022 2661
2021 2884
2020 2854
2019 2529
2018 2860
2017 2286
2016 2933
2015 2792
2014 2710
2013 2035
2012 2904
2011 2469
2010 2942
2009 2821
2008 2484
2007 2496
2006 2612
2005 2161
2004 2953
2003 2907
2002 2346
2001 2616
2000 2607
1999 2654
1998 2064
1997 2680
1996 2162
1995 2764
1994 2708
1993 2777
1992 2206
1991 2602
1990 2868
1989 2312
1988 2592
1987 2973
1986 2189
1985 2533
1984 2077
1983 2467
1982 2490
1981 2867
1980 2473
1979 2184
1978 2305
1977 2352
1976 2090
1975 2465
1974 2039
1973 2635
1972 2921
1971 2774
1970 2256
1969 2488
1968 2450
1967 2896
1966 2780
1965 2071
1964 2797
1963 2874
1962 2037
1961 2890
1960 2052
1959 2869
1958 1966
1957 2600
1956 2178
1955 2364
1954 2923
1953 2707
1952 2794
1951 2132
1950 2180
1949 2020
1948 2182
1947 2031
1946 2405
1945 2059
1944 2439
1943 2545
1942 2473
1941 2604
1940 2869
1939 2078
1938 2085
1937 2019
1936 2887
1935 2289
1934 2527
1933 2479
1932 2163
1931 2400
1930 2111
1929 2362
1928 2817
1927 1950
1926 1974
1925 2743
1924 2958
1923 2549
1922 2867
1921 2367
1920 1984
1919 2132
1918 1972
1917 2779
1916 2031
1915 2730
1914 2002
1913 2815
1912 2396
1911 2574
1910 2899
1909 2656
1908 2482
1907 2117
1906 2276
1905 2704
1904 2556
1903 1936
1902 2894
1901 2880
1900 2529
1899 2081
1898 2240
1897 2050
1896 2527
1895 2973
1894 2020
1893 2401
1892 2865
1891 2712
1890 2836
1889 2448
1888 2466
1887 2526
1886 2417
1885 2609
1884 2742
1883 2105
1882 2267
1881 2240
1880 2831
1879 2279
1878 2530
1877 2020
1876 1951
1875 2033
1874 2474
1873 1951
1872 2767
1871 1873
1870 2795
1869 2408
1868 1966
1867 2160
1866 2214
1865 1896
1864 2211
1863 2696
1862 2516
1861 2026
1860 3000
1859 2306
1858 2511
1857 2819
1856 2384
1855 2681
1854 2298
1853 2743
1852 2924
1851 1984
1850 2344
1849 2293
1848 2093
1847 2975
1846 2023
1845 2273
1844 2100
1843 2053
1842 2140
1841 2875
1840 2655
1839 2999
1838 1864
1837 2957
1836 2211
1835 2906
1834 2660
1833 1845
1832 2426
1831 2990
1830 2134
1829 2177
1828 2690
1827 2578
1826 1965
1825 2508
1824 2347
1823 2933
1822 2109
1821 2417
1820 2034
1819 1928
1818 2954
1817 2982
1816 2683
1815 2386
1814 2724
1813 2659
1812 2531
1811 2931
1810 2370
1809 1986
1808 2971
1807 2892
1806 2001
1805 2867
1804 1912
1803 2441
1802 2901
1801 2192
1800 2800
1799 2317
1798 1920
1797 2462
1796 1824
1795 2154
1794 1849
1793 2313
1792 2067
1791 2955
1790 2907
1789 1837
1788 2587
1787 2434
1786 2799
1785 2492
1784 2955
1783 2930
1782 2258
1781 2180
1780 2988
1779 2250
1778 1862
1777 2123
1776 2871
1775 2829
1774 2993
1773 2139
1772 2422
1771 2208
1770 2729
1769 1948
1768 2400
1767 2985
1766 2893
1765 1959
1764 1813
1763 1826
1762 2701
1761 2673
1760 2871
1759 1818
1758 1887
1757 1911
1756 2510
1755 1769
1754 2406
1753 2657
1752 2377
1751 2398
1750 1841
1749 2259
1748 2614
1747 2049
1746 1983
1745 2488
1744 2457
1743 2795
1742 2915
1741 1748
1740 2851
1739 2883
1738 1806
1737 2953
1736 2218
1735 2869
1734 2024
1733 1785
1732 2219
1731 2406
1730 2377
1729 1841
1728 2489
1727 2290
1726 2242
1725 2890
1724 2944
1723 2958
1722 2037
1721 2185
1720 2390
1719 1743
1718 2932
1717 2579
1716 2006
1715 2799
1714 1816
1713 1733
1712 2203
1711 2831
1710 1933
1709 2222
1708 2788
1707 2353
1706 2185
1705 2023
1704 2781
1703 2870
1702 2053
1701 1810
1700 2320
1699 2776
1698 1754
1697 1868
1696 2352
1695 2683
1694 1875
1693 2708
1692 1710
1691 2290
1690 2070
1689 2175
1688 2846
1687 1976
1686 2719
1685 2791
1684 2282
1683 2136
1682 1793
1681 2545
1680 2860
1679 2847
1678 2858
1677 2907
1676 2397
1675 2769
1674 1849
1673 2842
1672 2443
1671 2412
1670 2177
1669 2979
1668 2678
1667 1849
1666 2721
1665 2581
1664 2571
1663 1948
1662 2511
1661 2164
1660 2527
1659 2888
1658 2817
1657 2770
1656 2699
1655 2292
1654 1977
1653 2926
1652 1924
1651 2541
1650 2069
1649 2005
1648 2583
1647 2775
1646 2950
1645 1703
1644 2893
1643 2757
1642 2836
1641 2733
1640 2982
1639 2758
1638 2803
1637 2088
1636 1739
1635 2575
1634 2706
1633 2386
1632 2213
1631 1896
1630 2008
1629 2715
1628 1898
1627 1763
1626 1766
1625 2124
1624 2209
1623 2718
1622 2168
1621 2615
1620 2139
1619 2667
1618 2460
1617 2692
1616 1697
1615 2497
1614 1640
1613 2856
1612 1978
1611 1858
1610 2638
1609 2420
1608 1870
1607 2430
1606 2931
1605 2471
1604 1621
1603 2788
1602 1699
1601 2627
1600 2645
1599 1908
1598 2951
1597 2919
1596 1666
1595 2204
1594 1691
1593 2185
1592 2841
1591 1964
1590 2545
1589 2359
1588 2131
1587 1721
1586 2616
1585 2789
1584 2329
1583 2238
1582 2675
1581 1679
1580 2228
1579 2918
1578 2454
1577 1800
1576 2204
1575 1757
1574 1898
1573 2727
1572 2272
1571 2952
1570 2368
1569 2919
1568 1599
1567 2906
1566 1823
1565 2913
1564 1901
1563 1795
1562 2001
1561 2618
1560 1623
1559 1854
1558 2585
1557 2633
1556 2034
1555 2305
1554 2401
1553 2225
1552 2243
1551 2757
1550 2509
1549 1890
1548 2918
1547 1659
1546 2737
1545 1579
1544 2254
1543 1998
1542 1721
1541 1675
1540 1751
1539 2762
1538 2136
1537 1991
1536 1870
1535 1618
1534 1569
1533 2107
1532 2736
1531 2961
1530 2345
1529 1536
1528 1733
1527 1799
1526 1609
1525 2975
1524 2326
1523 2876
1522 1741
1521 2894
1520 2647
1519 1704
1518 2104
1517 2134
1516 2101
1515 1702
1514 2469
1513 1691
1512 2488
1511 1968
1510 2625
1509 2904
1508 1893
1507 2471
1506 2084
1505 1951
1504 2319
1503 2016
1502 2645
1501 1528
1500 2550
1499 2826
1498 1728
1497 2833
1496 2054
1495 2768
1494 1876
1493 1959
1492 2894
1491 1751
1490 2688
1489 2619
1488 2863
1487 2422
1486 2631
1485 2355
1484 2190
1483 2562
1482 2855
1481 2528
1480 2294
1479 2034
1478 2666
1477 1853
1476 1654
1475 2819
1474 1676
1473 1491
1472 2086
1471 1544
1470 1991
1469 1923
1468 1881
1467 2236
1466 2171
1465 2699
1464 2109
1463 1531
1462 2298
1461 2904
1460 1814
1459 2831
1458 1595
1457 1482
1456 2424
1455 1964
1454 1489
1453 2517
1452 2397
1451 1629
1450 2518
1449 1450
1448 2287
1447 2277
1446 1598
1445 2915
1444 1556
1443 2610
1442 2598
1441 2547
1440 2197
1439 1476
1438 2666
1437 1778
1436 1997
1435 1701
1434 1972
1433 1473
1432 1436
1431 2989
1430 1788
1429 2333
1428 2835
1427 1909
1426 1960
1425 2802
1424 2672
1423 1806
1422 2528
1421 2923
1420 1532
1419 2042
1418 1858
1417 1445
1416 1857
1415 1985
1414 2742
1413 1481
1412 1926
1411 1863
1410 2734
1409 2007
1408 2561
1407 2080
1406 2256
1405 1589
1404 1420
1403 1566
1402 1470
1401 2470
1400 1659
1399 1437
1398 2418
1397 1490
1396 2160
1395 2963
1394 2471
1393 1901
1392 1978
1391 1777
1390 1638
1389 2714
1388 1426
1387 1866
1386 1912
1385 2522
1384 2998
1383 2930
1382 2579
1381 1830
1380 2567
1379 2236
1378 2748
1377 2982
1376 1444
1375 1967
1374 1539
1373 2581
1372 1594
1371 1511
1370 1770
1369 2779
1368 1535
1367 1805
1366 1389
1365 2320
1364 2874
1363 2318
1362 2572
1361 1748
1360 1545
1359 1886
1358 2041
1357 2335
1356 2905
1355 2169
1354 2997
1353 2751
1352 1567
1351 2900
1350 1376
1349 1481
1348 1570
1347 2264
1346 2861
1345 2991
1344 2520
1343 2393
1342 1401
1341 2218
1340 2018
1339 2128
1338 1690
1337 2138
1336 1534
1335 1494
1334 1407
1333 2736
1332 2501
1331 2545
1330 2479
1329 1966
1328 1346
1327 1453
1326 2750
1325 2088
1324 1489
1323 2874
1322 1390
1321 2618
1320 2884
1319 1406
1318 1843
1317 2301
1316 1541
1315 2380
1314 2979
1313 1779
1312 2581
1311 1747
1310 1542
1309 2483
1308 2319
1307 1966
1306 2536
1305 2247
1304 1890
1303 1418
1302 2908
1301 2440
1300 1929
1299 1337
1298 2524
1297 1821
1296 1596
1295 2063
1294 2776
1293 2906
1292 1682
1291 2751
1290 1840
1289 1974
1288 2590
1287 1724
1286 2193
1285 2925
1284 2388
1283 1448
1282 1803
1281 1682
1280 1474
1279 2267
1278 1561
1277 2808
1276 2078
1275 2125
1274 1939
1273 2388
1272 2470
1271 1849
1270 1818
1269 1675
1268 2046
1267 2029
1266 2139
1265 2578
1264 1568
1263 2871
1262 1890
1261 2630
1260 1874
1259 2587
1258 1485
1257 2490
1256 2603
1255 1735
1254 2925
1253 2862
1252 2649
1251 2441
1250 1779
1249 1794
1248 1390
1247 1866
1246 2993
1245 2332
1244 2457
1243 1732
1242 1756
1241 2187
1240 1770
1239 2068
1238 2502
1237 1764
1236 2344
1235 1439
1234 2369
1233 1807
1232 2194
1231 1872
1230 1761
1229 1279
1228 1742
1227 2315
1226 1362
1225 1441
1224 2169
1223 2900
1222 2735
1221 2165
1220 2437
1219 1552
1218 2275
1217 2175
1216 2555
1215 1588
1214 1257
1213 2807
1212 2796
1211 2976
1210 1686
1209 2026
1208 2610
1207 2782
1206 2138
1205 2935
1204 1390
1203 1778
1202 2555
1201 2471
1200 2823
1199 2071
1198 1902
1197 1716
1196 1279
1195 2205
1194 1673
1193 2563
1192 2934
1191 1339
1190 2965
1189 1435
1188 1384
1187 1824
1186 1631
1185 1613
1184 2605
1183 1568
1182 2885
1181 1789
1180 2931
1179 2416
1178 2569
1177 2115
1176 1584
1175 2205
1174 1179
1173 1447
1172 2166
1171 2084
1170 2072
1169 1782
1168 1285
1167 1716
1166 1172
1165 2304
1164 1588
1163 2230
1162 1609
1161 2688
1160 1606
1159 2298
1158 1564
1157 2339
1156 1283
1155 2157
1154 2005
1153 2129
1152 2812
1151 2656
1150 1544
1149 2662
1148 1301
1147 1669
1146 2223
1145 2946
1144 2834
1143 2187
1142 2831
1141 2781
1140 2782
1139 2790
1138 1574
1137 2333
1136 2917
1135 1181
1134 1615
1133 1370
1132 1667
1131 2414
1130 1837
1129 2801
1128 1775
1127 1594
1126 1768
1125 1500
1124 1647
1123 1715
1122 1132
1121 2612
1120 2498
1119 1977
1118 1854
1117 2278
1116 2184
1115 2633
1114 1344
1113 1168
1112 2208
1111 2611
1110 2830
1109 2884
1108 2516
1107 2784
1106 2608
1105 2272
1104 1397
1103 2174
1102 2733
1101 2149
1100 1494
1099 1828
1098 1902
1097 2783
1096 1586
1095 2637
1094 2374
1093 1505
1092 2965
1091 2198
1090 2925
1089 1839
1088 1506
1087 1764
1086 1490
1085 1844
1084 2260
1083 1731
1082 2698
1081 2036
1080 1474
1079 1721
1078 1807
1077 2163
1076 2924
1075 1597
1074 2595
1073 1202
1072 1919
1071 2767
1070 2174
1069 1288
1068 2144
1067 2485
1066 2709
1065 2521
1064 1405
1063 2012
1062 1270
1061 1432
1060 1176
1059 1973
1058 2075
1057 2489
1056 1591
1055 2774
1054 1402
1053 2635
1052 2954
1051 1304
1050 1555
1049 2865
1048 2466
1047 1441
1046 2108
1045 1898
1044 1901
1043 1322
1042 2935
1041 1764
1040 1257
1039 1289
1038 2061
1037 1369
1036 1559
1035 3000
1034 1928
1033 2605
1032 1559
1031 1268
1030 1886
1029 2496
1028 1766
1027 2633
1026 1889
1025 2192
1024 1290
1023 2403
1022 2497
1021 2857
1020 2414
1019 2827
1018 1487
1017 2549
1016 2176
1015 1548
1014 2630
1013 2582
1012 1423
1011 2398
1010 1402
1009 2556
1008 2870
1007 2181
1006 1377
1005 2841
1004 1585
1003 2798
1002 1821
1001 2499
1000 1140
999 1833
998 2386
997 2114
996 1746
995 1064
994 1217
993 1348
992 1640
991 2769
990 2249
989 2433
988 1005
987 1498
986 1464
985 2717
984 2359
983 1253
982 2000
981 2806
980 2195
979 2726
978 2982
977 1385
976 2561
975 1597
974 2430
973 1348
972 2900
971 1477
970 1338
969 2039
968 1740
967 1441
966 2587
965 2675
964 2900
963 1759
962 1879
961 1226
960 2593
959 2391
958 2421
957 2828
956 1162
955 2403
954 2744
953 1137
952 1061
951 2743
950 1484
949 2980
948 2327
947 1478
946 1507
945 1965
944 1558
943 2941
942 2363
941 2694
940 2663
939 1501
938 2828
937 1021
936 2505
935 1160
934 1010
933 2614
932 2336
931 1244
930 1669
929 2655
928 1719
927 965
926 2380
925 1152
924 1192
923 2595
922 1603
921 2711
920 1979
919 1492
918 1329
917 2539
916 923
915 2146
914 1852
913 1896
912 1132
911 1090
910 1608
909 1477
908 1966
907 2444
906 2751
905 1550
904 1632
903 1027
902 1119
901 971
900 2107
899 2910
898 982
897 2063
896 2271
895 2525
894 1011
893 1568
892 1388
891 1639
890 1933
889 2967
888 2438
887 2924
886 1267
885 2737
884 1622
883 2968
882 1531
881 1017
880 1816
879 908
878 2728
877 2980
876 881
875 1957
874 2484
873 1447
872 1794
871 1373
870 2381
869 2157
868 1856
867 1893
866 869
865 1034
864 2175
863 1926
862 1202
861 1837
860 2013
859 1546
858 2021
857 1658
856 2091
855 1731
854 2414
853 1884
852 2524
851 2127
850 2160
849 2897
848 1745
847 1707
846 2812
845 2083
844 1461
843 2804
842 1755
841 2629
840 2208
839 2785
838 2653
837 1807
836 920
835 1418
834 2284
833 1985
832 2928
831 1733
830 2452
829 2613
828 1489
827 1254
826 1223
825 998
824 1670
823 1895
822 2099
821 2340
820 2639
819 1888
818 821
817 2224
816 1891
815 2483
814 2537
813 1032
812 2478
811 1085
810 2057
809 1116
808 1140
807 1874
806 2010
805 1169
804 2760
803 2230
802 1048
801 1055
800 2293
799 2665
798 2304
797 2674
796 1272
795 1979
794 1005
793 2819
792 2672
791 1518
790 1977
789 1035
788 2109
787 1088
786 823
785 1530
784 802
783 2692
782 2977
781 1492
780 2550
779 1930
778 2443
777 2919
776 824
775 1753
774 2546
773 1606
772 2015
771 1534
770 2589
769 2305
768 926
767 2384
766 997
765 2879
764 977
763 2278
762 2209
761 859
760 2900
759 2150
758 1241
757 1011
756 2441
755 2269
754 2514
753 1828
752 1752
751 2497
750 1790
749 1782
748 1009
747 2882
746 1680
745 1772
744 1196
743 2965
742 1362
741 1982
740 1840
739 765
738 1085
737 1232
736 1882
735 2026
734 2748
733 950
732 2394
731 2807
730 2885
729 2567
728 2465
727 1987
726 1612
725 2524
724 886
723 1392
722 1213
721 2852
720 1466
719 1957
718 1121
717 1331
716 1443
715 1270
714 2650
713 1334
712 2523
711 1316
710 2951
709 2210
708 1551
707 766
706 1688
705 1916
704 1343
703 1418
702 2424
701 917
700 2351
699 1231
698 858
697 1065
696 2473
695 1334
694 1681
693 937
692 1675
691 732
690 807
689 750
688 983
687 2086
686 927
685 2272
684 2840
683 1417
682 1722
681 810
680 833
679 1410
678 1449
677 901
676 940
675 682
674 2766
673 1381
672 1292
671 2392
670 2315
669 1464
668 2298
667 1925
666 1492
665 2351
664 2969
663 2272
662 2234
661 2147
660 2438
659 1077
658 2463
657 2021
656 1012
655 2825
654 2874
653 2790
652 2010
651 2831
650 2939
649 1908
648 1130
647 1531
646 2512
645 2832
644 1463
643 1906
642 1931
641 1551
640 2576
639 1889
638 1998
637 835
636 2078
635 1409
634 1373
633 1762
632 1272
631 2483
630 1351
629 2650
628 2671
627 1126
626 2789
625 2537
624 1460
623 917
622 1869
621 709
620 1790
619 2730
618 2389
617 1490
616 2631
615 1715
614 1689
613 699
612 2987
611 1562
610 2174
609 2905
608 2031
607 1439
606 1754
605 2142
604 1594
603 1187
602 2948
601 2161
600 2835
599 2265
598 1117
597 1161
596 1235
595 996
594 2306
593 2705
592 2929
591 2278
590 1343
589 1121
588 2173
587 1015
586 1994
585 2543
584 1423
583 2605
582 1306
581 2095
580 1152
579 2236
578 1068
577 1402
576 1574
575 2180
574 2819
573 2561
572 2227
571 2708
570 2786
569 1876
568 1757
567 2158
566 2579
565 2841
564 1598
563 1238
562 590
561 1139
560 1875
559 1337
558 988
557 1313
556 1202
555 1301
554 2588
553 1038
552 2424
551 1959
550 1561
549 660
548 1281
547 1028
546 1217
545 1613
544 1294
543 1210
542 1976
541 1537
540 2883
539 2353
538 1916
537 1554
536 2741
535 1449
534 2276
533 1192
532 1030
531 2076
530 1160
529 2766
528 1715
527 2418
526 1627
525 1662
524 1021
523 1915
522 1996
521 2975
520 2790
519 2391
518 1244
517 1655
516 981
515 2121
514 1682
513 2400
512 1849
511 1082
510 2940
509 2833
508 1356
507 2030
506 622
505 2747
504 2023
503 1693
502 1526
501 811
500 1771
499 2766
498 1374
497 1803
496 1683
495 1657
494 2737
493 631
492 1382
491 992
490 664
489 1373
488 2722
487 2544
486 2934
485 1079
484 1388
483 1862
482 820
481 1115
480 2496
479 1005
478 1154
477 2883
476 758
475 2591
474 710
473 661
472 628
471 1397
470 1290
469 2462
468 2397
467 1097
466 1196
465 889
464 991
463 527
462 1558
461 1130
460 2883
459 851
458 1039
457 1182
456 1094
455 2349
454 1206
453 2595
452 2259
451 931
450 1985
449 1851
448 2960
447 1668
446 2793
445 2062
444 1271
443 2091
442 703
441 1365
440 1302
439 744
438 1716
437 2905
436 1816
435 900
434 893
433 2032
432 1782
431 871
430 2417
429 2364
428 957
427 2412
426 2875
425 2124
424 574
423 1254
422 2010
421 1549
420 1429
419 887
418 876
417 835
416 2409
415 1932
414 616
413 2333
412 1543
411 1157
410 1541
409 1937
408 1929
407 524
406 2761
405 2626
404 648
403 1944
402 449
401 2408
400 597
399 2392
398 2261
397 1252
396 2374
395 2187
394 1342
393 1824
392 505
391 2059
390 2918
389 562
388 2301
387 2428
386 409
385 761
384 2771
383 2997
382 2040
381 1259
380 1771
379 2182
378 2576
377 560
376 672
375 1889
374 902
373 2791
372 2434
371 883
370 907
369 1344
368 2264
367 417
366 2364
365 751
364 1854
363 2535
362 764
361 1127
360 2533
359 2035
358 876
357 2930
356 1402
355 1206
354 415
353 2468
352 510
351 391
350 661
349 1725
348 2802
347 830
346 1175
345 1971
344 502
343 2871
342 1609
341 2740
340 2796
339 2504
338 2675
337 1487
336 1260
335 2788
334 2532
333 2907
332 2569
331 738
330 1341
329 1995
328 1914
327 1888
326 2143
325 2413
324 1532
323 1634
322 1370
321 956
320 1571
319 1869
318 2455
317 2895
316 2065
315 549
314 1090
313 1499
312 1910
311 969
310 933
309 2755
308 910
307 2178
306 1051
305 398
304 1850
303 697
302 313
301 2324
300 616
299 675
298 862
297 1878
296 2932
295 1799
294 2472
293 2161
292 2247
291 1568
290 861
289 929
288 984
287 659
286 2606
285 500
284 684
283 635
282 1709
281 291
280 2353
279 818
278 1186
277 989
276 1092
275 608
274 2973
273 2830
272 1369
271 2088
270 2808
269 2839
268 2797
267 2195
266 2854
265 1372
264 597
263 1998
262 2130
261 2342
260 1525
259 272
258 1146
257 808
256 2185
255 1454
254 1959
253 1523
252 882
251 332
250 1553
249 1522
248 2499
247 2632
246 1406
245 726
244 2462
243 619
242 912
241 632
240 341
239 825
238 705
237 2591
236 2998
235 2608
234 1081
233 442
232 1552
231 2442
230 1566
229 1104
228 2047
227 1230
226 2535
225 1900
224 291
223 1945
222 534
221 1480
220 999
219 777
218 2576
217 1833
216 2406
215 2312
214 2632
213 1875
212 2885
211 2673
210 709
209 2057
208 1476
207 2844
206 2403
205 2699
204 1730
203 1712
202 1444
201 1790
200 1439
199 981
198 345
197 2186
196 1873
195 358
194 2464
193 2895
192 744
191 742
190 2434
189 2133
188 1518
187 1686
186 248
185 2064
184 2789
183 187
182 1117
181 2223
180 2865
179 565
178 1823
177 2988
176 431
175 1906
174 1379
173 2632
172 975
171 640
170 1092
169 2323
168 2896
167 1418
166 1806
165 2198
164 1099
163 2380
162 2903
161 676
160 2456
159 2905
158 362
157 2226
156 693
155 2538
154 622
153 1972
152 1591
151 2699
150 1501
149 2833
148 1327
147 179
146 803
145 2330
144 1987
143 2351
142 366
141 2107
140 1825
139 2456
138 1562
137 2083
136 2950
135 1322
134 2432
133 883
132 617
131 2456
130 2704
129 2549
128 618
127 2271
126 2543
125 826
124 2043
123 673
122 2033
121 2883
120 852
119 2948
118 1808
117 1558
116 161
115 1732
114 2102
113 1786
112 207
111 1501
110 2298
109 1940
108 1247
107 1515
106 448
105 2976
104 390
103 2890
102 2967
101 2555
100 1562
99 2764
98 2748
97 288
96 1994
95 283
94 1821
93 2243
92 2363
91 602
90 2675
89 2953
88 582
87 589
86 1847
85 1013
84 216
83 615
82 663
81 2033
80 360
79 1599
78 130
77 1051
76 2674
75 531
74 2806
73 2448
72 1563
71 434
70 2386
69 1757
68 617
67 1968
66 2233
65 2828
64 493
63 2175
62 1702
61 2025
60 1943
59 1542
58 142
57 681
56 413
55 2051
54 1586
53 1192
52 1627
51 1962
50 1266
49 597
48 774
47 2429
46 812
45 1728
44 783
43 2242
42 2062
41 190
40 1745
39 118
38 2330
37 1448
36 2957
35 831
34 2144
33 1825
32 2807
31 1425
30 1088
29 1695
28 2114
27 1416
26 942
25 1083
24 2542
23 1519
22 2754
21 1913
20 377
19 1290
18 1671
17 718
16 1000
15 407
14 426
13 93
12 1303
11 1479
10 2296
9 2870
8 369
7 94
6 1690
5 1514
4 1839
3 1778
2 1304
1 262
