3000
2153 2630
1947 1948
953 954
489 2338
2043 2883
849 850
1200 2902
1241 1242
1479 1480
2302 2845
2977 2978
1953 1954
2202 2353
1781 2824
2539 2688
2466 2467
2246 2832
2744 2745
833 834
1348 2842
170 171
262 2161
985 2371
1901 2780
2506 2507
2334 2356
2057 3000
784 785
2527 2528
2096 2975
1654 1655
2742 2985
625 626
2945 2992
1219 1220
2667 2668
1748 2464
1761 2161
2812 2814
1312 1452
1272 2177
986 1777
32 2268
2425 2605
2722 2767
1326 1646
938 939
258 1198
1820 1821
2664 2904
894 2270
105 106
1082 2867
58 59
549 2424
1884 1885
1652 1653
636 645
1042 2423
548 549
2329 2602
901 958
733 2052
2223 2897
1409 1410
1740 2334
2501 2502
1753 2912
551 666
1243 3000
1435 1436
2804 2811
1843 1844
2895 2981
439 2853
1948 1949
1886 2680
1852 2971
1709 1710
2481 2769
2557 2558
1422 1423
1569 1570
2631 2739
1271 1653
2235 2236
1501 2677
1920 1921
1770 2487
2402 2403
259 260
940 941
2394 2395
1779 1780
106 107
2824 2881
1041 1595
1452 3000
2930 2967
2383 2673
1335 2135
2650 2967
1173 2816
1410 2314
649 3000
1177 1178
1858 2174
2535 2536
83 2571
2053 2054
1887 2909
1092 1093
1856 1857
1614 2235
1111 3000
221 1204
689 844
255 805
1320 3000
2184 2185
2981 3000
2126 2669
2748 2793
2878 2879
1165 1203
2582 2987
1251 2315
825 3000
2854 2925
1154 2299
31 2548
1352 1353
1046 1066
319 3000
955 2903
225 226
43 44
355 982
1202 2490
444 1271
445 1538
1679 2923
2211 3000
1729 1730
2576 2577
1003 1004
1019 1036
2058 2059
2533 2629
1896 2178
1231 2388
595 596
2881 2979
683 852
1248 1249
2177 2178
57 58
706 1341
2790 2986
1689 1690
2678 2972
1213 1214
2149 2150
1885 1886
1542 1543
2647 2648
1161 1455
1284 1645
1519 1520
977 2493
514 896
1712 2883
2001 2598
1726 2126
2171 2172
1285 2717
2473 2474
2015 2109
250 2724
113 114
33 3000
2445 2446
1578 2778
972 2765
1431 2266
139 1748
2555 2556
2116 2117
1863 1864
1131 2551
1649 2735
2217 2470
2605 2606
1624 1625
1163 1164
530 924
512 513
762 2658
1344 1345
735 736
1120 1121
808 2508
2442 3000
1294 2320
880 3000
2029 2894
2949 2950
2131 2817
1799 1800
2753 2754
1208 2082
1882 2820
1281 1282
2515 2516
1794 1795
163 164
1386 1387
2127 2321
2181 2515
1044 1045
1255 1256
1866 1998
1006 1796
76 1581
2962 2963
178 2952
1103 2157
2095 2096
84 85
902 3000
208 1093
1258 2382
2529 2530
1059 1060
665 666
427 428
697 2463
282 283
1450 1451
769 2459
1949 1958
2253 2482
753 2242
1279 1429
2068 3000
1594 1790
1719 1732
1889 2871
1500 1501
2892 2893
2675 2676
1994 2546
535 825
227 1981
686 687
2118 2463
2841 2946
1246 1247
2687 2827
1288 1289
915 1027
1083 2681
1492 1493
2896 2972
1475 2416
1928 2104
1607 2503
1688 1689
677 1289
2212 2213
377 1564
1759 1760
2430 2431
2703 2704
698 2109
1558 2931
587 2282
2503 2772
1915 2835
2405 2498
1370 2857
47 487
678 2549
1684 2791
2513 2514
2488 2507
2155 2356
2757 2854
416 1193
783 1112
1007 2505
818 2709
1561 1562
2101 2102
357 358
840 841
2589 2971
2008 2448
317 318
2224 2317
786 787
2560 2872
2635 2657
373 374
326 1580
184 185
2054 2390
1211 1212
2829 2830
829 2860
555 556
2982 2983
2072 2073
2990 2991
2167 3000
1276 1277
123 976
1553 2164
443 444
2682 2683
933 934
101 2393
2277 2278
2989 2990
2459 2460
1013 2127
1169 1170
1491 1492
115 2464
1457 1458
1380 1381
159 476
816 2922
2159 2761
1299 2832
1057 1058
1495 2143
383 413
2596 3000
1026 1650
2103 2593
2260 2803
1650 3000
2121 2122
2781 2782
1382 1561
1250 1703
1303 1304
2204 2410
755 2403
350 351
929 2374
770 771
1533 1534
28 29
1565 2631
1392 2958
2912 2913
1705 3000
395 2513
1760 3000
2792 2920
809 843
529 2925
1676 2168
1332 1333
1171 1172
1894 2756
131 2056
2953 2992
340 383
1691 1726
1789 2599
1988 1989
1936 3000
148 149
619 2466
1109 2028
2976 2977
911 912
516 974
1888 1895
2847 2958
185 1093
1768 2937
624 625
2446 2550
664 2952
12 2608
632 633
2014 2127
2428 2715
1736 1737
647 2284
2479 2480
2719 2836
1796 1815
747 2019
196 197
1718 2629
166 2918
2219 2220
450 451
1128 1129
1547 1548
1166 3000
661 1785
1391 1512
2541 2542
2904 3000
667 668
1562 1563
1549 1550
856 857
402 1046
1029 1030
2026 2292
2907 2908
2671 2681
240 241
544 2166
2393 2454
1238 1658
495 3000
2066 2067
1064 1065
720 2239
2608 2703
1865 2191
1359 1360
2330 2616
2760 2761
2915 3000
2540 2697
2947 2948
1924 2547
2805 3000
328 2710
371 372
2578 2579
1735 2722
1207 2131
1152 1174
201 662
2055 2724
2521 2522
177 178
630 631
1898 1899
1436 1437
617 618
1933 1934
380 381
1762 1883
1989 1990
2692 2818
1785 1786
1797 2925
2125 2147
44 45
292 2653
1766 1767
2906 2907
1788 2704
1068 2662
2670 2725
745 2516
192 2451
2059 2060
1783 2252
2245 2263
2395 2396
2294 2610
1548 1549
483 484
623 624
2526 2700
1463 1464
919 920
2902 2905
442 443
2267 2750
1343 2687
1151 2458
1749 3000
1568 1569
413 414
1845 2503
425 2792
1220 1221
2828 2829
1498 1499
275 276
2007 2566
40 535
2615 2754
563 687
1946 1947
754 928
2099 2457
1341 1834
620 1975
290 1991
114 115
1028 1318
298 883
2523 2614
2836 2837
2873 2970
1702 1703
486 1680
66 3000
1226 1227
2256 2257
2387 2388
2908 2909
86 87
2552 3000
2139 2730
2299 3000
268 269
1490 2574
797 2309
1734 2850
2137 2138
1179 1676
2731 2732
2768 2833
2369 2673
1087 1088
325 1085
2932 2945
1337 1338
2875 2892
2762 2883
1661 1662
219 220
1832 2165
1935 2657
394 395
332 2462
2147 2715
2571 2572
812 813
1525 2013
274 275
2067 2068
1134 1135
2152 2813
1010 1011
420 421
860 1365
2931 2940
774 2899
1178 1179
2772 2773
2215 2660
1904 1905
2003 2004
2332 2333
138 1870
1374 1375
1230 1235
1923 2749
503 2191
1658 1934
750 751
238 239
2648 2649
2154 2396
1645 1646
1300 2139
1601 2776
634 856
881 1437
1265 3000
1139 2431
65 66
1072 1073
6 1689
2074 2075
1259 1402
2618 2619
348 2038
1456 1457
2532 2665
488 2537
2090 3000
1827 1828
2767 2768
2455 2515
1995 1996
2468 2540
1012 3000
2216 2288
1573 3000
921 2207
1049 2979
134 135
532 533
1777 2795
116 472
1214 2228
2606 2607
1333 2357
463 464
1704 2913
590 591
1240 1241
2208 2911
2614 2979
1493 1494
839 1451
2972 2999
1198 1199
1458 1459
173 305
1811 2086
525 526
751 752
731 1311
2169 2764
1835 1836
306 1572
2984 2985
562 563
1397 3000
528 3000
941 1555
1505 1506
558 2006
1828 1829
100 101
2390 2853
1234 1235
403 1170
1981 1982
2437 2438
775 2667
441 442
1405 2963
2205 2206
2011 2012
2750 3000
658 659
2070 2536
1122 1123
256 543
1690 1799
885 2715
2672 2885
153 1625
527 528
2617 2626
2132 2433
2363 2748
1453 2344
1454 1998
2780 2781
656 1530
1512 1513
2201 2338
521 2201
910 911
308 309
2714 2829
637 638
954 955
1499 1500
367 404
2595 2836
388 2065
1439 2407
1921 2239
2236 2494
1613 1901
2474 2550
734 1724
1437 1438
1853 2643
2548 2549
1383 2003
280 281
1387 1388
2656 2811
1318 1319
708 709
2834 2886
2711 2712
2665 2675
983 2766
696 1833
580 2387
474 2084
1906 1907
1941 1942
1944 2651
2424 2425
2936 2940
2251 2762
1903 3000
2273 2507
688 689
314 1273
2183 2454
1119 1316
1823 2540
1102 1358
1503 2770
2358 2455
843 1447
2784 2791
2838 3000
1847 2621
1932 1933
2498 2996
229 1381
2516 2859
2108 2109
25 1016
2386 2786
419 2396
2995 2997
1846 2641
2814 2815
482 1420
2800 2801
2084 2394
342 1226
92 93
2320 2471
1147 2262
2939 2947
795 2957
2505 2800
945 946
1393 1394
1756 2261
2536 2537
1973 2624
2633 2634
1878 1879
2448 2868
2113 2273
2991 2992
2135 2136
458 2712
435 436
567 568
2627 2628
1743 1744
2925 2952
1441 3000
428 429
102 1552
1466 1898
2584 2585
823 1566
2693 2815
669 738
126 127
2705 2742
2225 2513
653 654
411 911
1460 2268
787 1060
2025 2026
1170 1171
2453 3000
577 1357
478 479
1632 1633
2266 3000
1727 3000
1058 1059
2094 2095
2998 2999
857 1544
2366 2367
934 1222
995 996
2021 2092
476 477
1316 1317
2487 2488
865 1606
1461 1927
2009 2010
2707 2766
2822 2823
2261 2262
273 274
2421 2540
1418 2291
459 687
2283 2284
1446 2709
565 2888
561 562
931 932
965 1778
961 962
2351 2623
1526 1527
2950 2952
2451 2452
2859 2906
1232 1233
1451 1452
302 303
2511 2748
1060 1802
981 982
18 1157
2234 2235
1000 1295
387 388
826 827
2034 2339
1980 3000
2213 2214
606 1410
1764 1765
1618 1619
672 673
596 597
1014 1125
2776 2896
554 555
405 1109
2185 2186
2340 2341
2237 2869
23 24
1086 1087
475 2508
622 2945
2710 2711
1262 1263
2255 2256
334 1208
2819 2927
2423 2424
2239 2999
2967 2991
873 1915
2899 2900
764 765
1379 1380
989 990
2869 2924
2668 2669
2573 2952
2534 2535
2666 2920
454 2763
1895 2593
815 2571
1912 1913
1088 1238
2198 2199
766 2945
844 2965
537 2479
1646 1647
1091 2727
1667 1668
2653 2654
237 2318
655 1091
260 261
1715 1716
2641 2642
2732 2733
645 646
376 2894
718 1482
385 386
968 969
1363 2409
1008 1009
1902 2183
2385 2392
2464 2465
2196 2640
1075 1133
2676 2677
2182 2605
70 71
1221 3000
872 1647
1952 2736
2097 2481
2214 2215
578 1987
2542 2543
2178 2179
2447 2528
1204 1205
2700 2920
2927 2928
969 1713
2514 2515
685 753
1622 2457
2361 2362
1244 1584
2264 2899
335 1171
2475 3000
93 94
2238 2452
2049 2560
1140 2811
368 2847
2715 2784
1396 1554
1844 2562
452 1205
89 2503
284 2025
2788 2789
2741 2960
248 734
895 2447
1659 1660
1668 1669
1381 1382
320 2965
146 2037
15 16
99 100
1696 1697
136 2720
913 3000
1961 1962
2313 2897
743 744
322 323
2087 2088
1145 2158
2276 2277
2746 2747
2858 2859
2975 2976
1080 1081
501 1468
1849 1850
1780 1781
1610 1611
2510 2940
1992 2059
1537 1862
1890 1891
1520 1521
1293 2070
942 952
1722 1723
540 541
2749 3000
1968 1969
824 867
2852 2898
2490 3000
1664 2997
908 2616
788 2561
1784 2466
2281 2502
2694 2843
805 806
2027 2776
2857 2858
707 708
1502 1577
2887 2923
575 576
2994 2997
2898 2899
343 344
920 1103
1603 1604
886 2726
2325 2326
142 143
803 3000
2587 2697
1186 2939
964 2240
2441 2869
1233 1234
2379 2556
278 2998
2867 2933
2689 2690
1465 1466
1112 1558
2716 2717
1114 1115
2901 2929
2808 2809
417 2651
871 2368
202 1348
710 2494
579 2326
974 975
1319 1538
673 674
2323 2338
2226 2227
62 1755
570 2674
1403 1877
2662 2663
1593 2992
2914 2915
593 1194
1190 1191
858 3000
1609 2400
869 870
1274 1275
2106 2308
2598 2599
2921 2922
54 98
365 366
1694 1695
2709 2710
2477 2599
785 786
2782 2811
398 1563
2850 2851
2148 2193
1872 2807
2507 2508
546 547
2005 2520
841 842
1194 1686
1905 1906
2355 2999
2721 2916
2997 2998
27 1438
725 2808
834 835
515 795
2885 2886
1100 1101
162 163
1698 2001
1167 2319
1860 2195
657 1755
990 3000
2290 2291
1157 1158
453 922
711 926
1697 2741
2770 2997
1030 1031
722 723
1011 1310
2756 2941
94 2146
594 3000
1757 1758
1829 1830
181 751
2295 2711
440 3000
597 598
2419 2513
1056 3000
2751 2752
1663 2665
216 1793
462 463
1447 2974
543 645
905 906
2817 2962
226 227
56 57
500 1684
493 2300
1205 1206
2926 2927
1922 2877
80 2666
855 856
1914 3000
603 604
1909 2370
1674 1675
1417 2486
891 892
2522 2523
584 1404
1073 1074
17 268
2071 2591
771 772
1183 1184
97 1652
1053 1996
1814 1815
64 65
2463 2792
130 1954
1489 2509
2952 2992
2779 2780
449 450
2168 2405
1193 2613
560 561
1997 1998
2356 2944
773 2857
2496 2713
1911 1912
1325 1326
2658 2980
2262 2263
507 1824
2051 2052
2652 2899
1182 2239
1399 2610
2244 3000
740 2416
801 2362
691 1998
344 345
1304 1305
1229 2558
1137 1819
1245 2000
2335 2385
2384 2612
2157 2158
1427 2075
1212 1213
1222 2861
866 1252
1807 1808
2586 2823
1160 1684
2432 2896
1951 2720
903 904
498 499
1093 1094
29 30
1731 1732
2291 2292
1544 1796
2114 2115
2357 2623
370 2206
1434 1744
150 2161
1730 1731
1347 1631
2704 2705
2047 2530
63 64
1126 1505
16 17
2905 2906
2626 2627
814 815
1368 2146
2944 2995
164 2020
1538 2503
760 2293
1817 2052
490 491
1876 1877
533 534
2019 2952
2073 2074
2286 2937
212 213
1048 2723
291 1259
1330 1331
433 2922
867 2485
605 3000
2508 2509
1038 1039
1554 1555
72 73
2112 3000
1471 1472
315 316
1306 2078
2232 2368
2794 2795
1883 1884
1590 1591
2543 2544
224 225
2599 2600
1763 2346
916 1500
1062 1651
55 3000
1511 2064
732 2724
1897 1898
2349 2672
875 876
1367 1368
158 2315
95 265
407 408
1331 1332
547 548
1266 1961
2992 3000
1369 2121
2207 2208
1682 1683
853 2136
993 1819
2 3
2304 2305
1545 2318
1587 2671
2724 2725
1721 1870
715 716
1346 1347
2884 2885
1580 1734
629 1317
2698 2721
1839 2892
2275 2276
2104 2493
830 1576
1556 1557
2310 2311
1188 3000
2639 2640
2764 2901
1156 1157
978 2918
1414 1415
641 1741
200 2244
1982 1983
1711 2533
1296 1297
2417 2418
2206 2207
1123 2489
1267 1268
2570 2571
4 2268
2341 2588
2929 2955
2438 2439
2654 2655
2787 2788
1671 2087
154 155
2186 2187
2327 2775
848 849
522 2713
152 1122
1142 1143
2761 3000
1706 1759
2352 2353
2924 2936
1430 1431
1926 1927
2769 2878
2553 2985
749 750
660 661
110 3000
767 2607
1605 1606
2961 2962
1557 2183
2798 2821
2888 2899
2436 2437
293 1891
679 680
2747 2844
1830 2007
321 1870
1891 1892
2659 2809
1412 1987
1484 1485
1686 2542
2677 2721
782 1394
2851 2852
612 2136
2597 2598
42 43
738 1693
2319 2320
935 3000
836 3000
2938 2976
1513 1514
1356 2434
103 630
2190 2521
1321 1957
2435 2955
2868 2897
2935 2936
48 1533
2978 2990
305 1298
1596 1597
1078 1079
950 1072
406 407
2166 2313
2727 2853
2440 2808
2111 2921
1813 1814
2093 2094
2559 2612
524 2821
1054 1238
279 1741
581 582
1585 2540
1555 1556
2089 2386
994 995
2252 2836
789 2112
2872 2873
165 3000
2937 3000
1572 2713
1857 1858
2717 2718
362 2454
1187 2593
1113 1114
1494 1658
506 507
2886 2887
2583 2584
2484 2761
604 605
1039 2084
1035 2920
59 559
338 339
779 780
2619 2620
1825 2720
38 2919
232 233
804 818
2041 2069
2900 2901
1678 2177
1478 1479
2301 2522
2305 2306
2050 2297
1141 1142
2240 2241
108 1040
1021 2475
1840 2249
752 1319
2803 2865
264 3000
1508 1784
2422 2423
523 770
1535 1536
2520 2521
2725 2726
14 15
1069 2299
721 722
1311 1312
2917 2981
2686 2853
559 2360
141 142
2943 2986
704 3000
408 409
1063 2903
2775 2818
120 121
364 365
2911 2931
2745 2746
125 1589
1289 1290
456 457
414 415
2312 2313
2723 2724
13 814
1336 1340
1481 2213
1516 2403
2289 2290
2258 2658
1121 1122
1531 2013
2321 3000
1732 2600
1810 2117
2602 3000
744 745
2853 2916
2696 2697
2052 2053
1143 1144
556 1535
1725 1736
1648 2725
937 1727
2413 2793
1738 1739
1486 1487
2450 2451
701 702
1620 2389
381 1363
1739 2650
925 926
2637 2912
2272 2499
1074 2767
1423 1424
2346 2347
2360 2361
2062 2682
1110 1517
1956 2474
372 373
2365 3000
2268 2269
572 3000
1978 2392
179 1550
1567 1769
1913 1914
2045 2046
211 212
2378 2481
2023 2024
1413 1735
2257 2814
244 2096
1146 2922
2988 2997
2736 2864
2191 2192
878 887
2220 2221
682 3000
448 449
1105 2306
263 2595
2194 2704
51 52
472 616
2141 2964
1881 3000
2733 2830
1191 1192
1871 1872
845 2364
354 2834
2303 2304
2081 2082
819 820
1824 2206
242 3000
2031 2032
295 296
626 2527
2179 2180
1666 1667
1125 1154
1051 1052
756 757
726 3000
2849 2850
1474 3000
1647 1648
1237 2031
914 1925
49 50
1851 2400
2229 2637
1071 1072
2954 2955
1159 1313
1497 2728
1792 1793
1790 2124
2913 2914
75 320
1984 2702
2525 2911
60 1728
1714 1911
960 961
1579 1697
1564 2409
2663 2946
1468 1788
147 148
2983 2984
2973 2976
2427 2625
2603 2887
1983 1984
517 3000
2558 2954
966 967
2845 2939
791 792
1599 1958
1737 1738
1541 1542
172 1878
24 951
2860 3000
2563 2564
1433 2096
1257 2186
1302 1303
107 108
2537 2822
1575 1576
2625 2626
198 199
2092 2521
1357 1728
1260 1261
1317 1318
1027 1176
2565 2756
1942 2388
1821 1822
74 2539
538 543
2176 2932
987 988
228 1627
2813 2914
790 2590
1209 2406
2752 2753
2028 2925
1070 2152
2497 3000
2832 2933
2151 2152
1184 1185
2718 2719
2702 2703
2079 2080
311 2386
1713 2179
167 849
1101 1102
1043 1044
1937 2715
1185 1186
1084 2270
193 681
1534 1535
2145 3000
2786 2787
235 1245
2551 2970
650 760
1868 2282
1831 2796
505 506
253 254
422 423
796 1081
781 3000
1870 1871
1586 2639
973 974
2861 2944
2410 2411
1127 1128
1004 1363
2489 2808
2247 2248
1680 1681
714 715
2133 2725
616 617
1900 2488
1424 1751
169 170
249 454
1873 2011
539 540
2018 2019
2030 2031
2837 2838
1192 1193
2130 2131
847 848
1210 3000
494 750
600 896
1616 2776
112 113
1812 2394
971 1046
431 2181
1315 2169
50 51
1067 3000
2048 2449
2406 2565
810 2462
2060 2061
591 2798
1529 3000
2848 2850
1750 1751
761 1179
1623 2044
1625 1626
1627 2076
303 304
1582 1583
644 645
277 2153
1642 2014
2492 2493
956 2594
2611 2612
1633 1634
557 1139
2815 2816
2968 2969
2461 2619
639 640
1261 1262
1269 1270
1106 1107
1108 1109
2350 2898
436 437
122 1753
963 2976
1803 1932
1268 1269
1150 1151
1249 2044
2706 3000
874 2280
2197 2970
310 311
359 360
1224 1776
996 997
1907 2613
599 1855
2080 2081
1962 1963
460 2903
2044 2045
1662 2455
2416 2417
1090 1853
2674 2675
2528 2529
900 2668
180 237
899 2099
2418 2896
1323 1324
717 1427
1364 3000
1077 1749
692 2252
477 478
519 520
2162 2607
2016 2017
852 1189
2471 2472
2399 2562
737 738
1939 1940
2965 2976
1098 1279
949 1740
1769 2784
1025 2887
2681 2682
947 948
2801 2802
1925 1926
90 2345
2737 2738
2322 2499
662 1267
2616 2880
2941 2942
1252 1363
1950 2430
1015 1016
2562 2563
1751 1752
568 569
573 1714
2316 2524
189 190
1360 1361
1636 2466
117 944
2136 2137
400 401
467 1848
1429 1430
2655 2656
1758 1759
1880 2657
2951 2981
1723 1724
1518 3000
1081 1096
222 2386
2765 2766
183 184
1918 1919
1528 1529
589 590
700 701
1290 1291
1504 2080
2065 2066
1506 1507
2866 2935
601 2536
1328 2267
946 947
1175 2946
2491 2774
1685 2100
1584 1585
1786 1787
2544 2819
979 3000
687 688
984 2457
11 3000
1822 1823
1366 1367
614 1642
1236 2597
2720 2781
1869 1870
2882 3000
888 2369
2796 2993
1037 1038
758 759
1402 1403
2230 2894
633 2157
397 2983
1355 1588
1349 2609
1206 1207
2839 2918
2280 2797
432 1816
289 290
729 730
772 773
1673 1674
2004 2005
2940 2941
997 1995
1550 1871
2163 2164
780 2037
1517 1886
2134 3000
2494 2495
1617 1618
1861 2363
2864 2865
2221 2222
2376 3000
429 430
2903 2953
135 136
2420 3000
1282 1283
88 3000
241 1119
1116 1686
1342 3000
2893 2894
22 23
1514 1515
1476 2603
1559 2202
1877 1878
2042 2541
1263 2506
2038 2039
466 2852
2789 2801
1477 1478
1305 1656
510 2735
2359 2360
1099 1100
746 923
2324 2325
2022 2390
948 1276
2344 2428
2243 2824
763 764
2594 2815
703 2083
943 1711
2269 2270
331 332
2773 2774
1742 2334
2816 2817
1201 1960
1345 1346
485 486
1927 1928
928 1180
2910 2952
2809 2810
2296 2297
2691 2773
1020 2137
1521 1522
2577 2578
378 379
864 1351
1527 1528
1836 1837
1416 1417
1628 3000
1217 2087
2591 2592
2545 2701
309 310
1693 2223
468 974
2347 2348
351 352
424 2256
2175 2527
643 1692
1216 2023
1991 3000
890 891
2006 2901
465 2168
828 829
1776 2853
330 331
1133 3000
2210 2648
2890 3000
822 899
2561 2595
2959 3000
2524 2553
923 2784
2412 2567
2396 2397
1551 3000
2518 2889
1875 2803
2083 2385
1879 1909
892 2881
426 763
2891 2892
1401 1402
188 2939
998 1047
2969 2970
2592 2593
2180 2431
1804 3000
1655 1930
719 1155
346 2249
792 793
2061 2458
1280 2953
2874 2908
2712 2808
1841 1842
267 268
2879 2880
2825 2835
2799 2824
2550 2551
1353 1354
713 2338
2439 2510
1117 1554
396 3000
2170 2171
34 1147
399 400
1910 2817
2685 2792
813 814
1354 2937
550 3000
234 2421
137 2174
2120 2580
1608 2584
2830 2831
2203 2954
1833 2621
2187 2459
1016 1017
61 538
176 177
2622 2664
1969 1970
2091 2794
1965 1978
1297 1298
1480 1607
2109 2110
1286 1880
1967 1968
518 519
1681 1682
681 682
1619 1620
2970 2971
2117 2451
2374 2375
1838 2189
129 1077
2846 2998
1808 1809
1254 1255
2783 3000
1631 1632
2517 2878
2345 2346
2942 2943
1459 2100
2263 2264
1438 1977
1826 3000
1530 1561
1985 2614
1389 1993
1309 1310
1496 3000
382 2827
199 919
270 490
2738 2739
2343 3000
318 2976
2398 3000
2566 2867
1277 2629
2063 2634
1449 1450
1483 2246
2433 2671
2621 2987
2855 2893
2593 2912
2218 2441
1640 1641
356 2035
739 1656
2241 2242
1301 1643
2242 2243
2368 2369
2002 2003
2377 2630
2547 2873
187 3000
2469 2536
2632 2633
951 2410
1371 2552
1350 2404
2032 2033
511 512
174 2842
730 731
151 2598
2309 2420
1136 1137
1 2
1308 1750
1426 2491
1581 2723
2391 2705
1986 2265
930 2243
2818 2831
2546 2689
2000 2581
369 1105
1052 1053
1805 2627
160 2833
861 862
1615 2535
1076 2127
358 359
1358 1359
8 9
2883 2907
1604 1605
1752 1753
2380 2381
2480 2481
2297 2298
1384 1539
2285 2604
918 919
592 1227
793 794
1963 2226
1096 1566
491 492
800 801
2948 2949
2414 2428
939 940
666 667
239 240
627 3000
976 1243
602 603
1672 3000
409 2475
862 863
2326 2327
582 583
2088 2089
854 855
1158 1276
1660 1661
2452 2453
1772 1773
276 2845
1892 1893
1701 1702
2248 2249
252 253
2105 2391
2458 2459
2265 2528
2397 2434
2609 2853
2923 2993
1472 1473
1819 2628
975 976
1999 2716
464 465
390 934
412 771
2512 2999
1787 1788
876 877
1400 1401
631 632
2411 2697
2519 3000
2156 2157
723 724
1539 2410
1987 2464
2039 2040
352 353
1138 2610
1310 1311
2457 2458
1996 1997
2844 2845
1227 1228
851 1902
675 1909
917 918
231 232
1744 1745
2333 2334
1225 1226
2353 2354
37 38
564 2450
2382 2383
2695 2696
2200 2201
889 890
1741 1809
168 169
1428 1429
1473 2155
1639 1640
157 2693
473 3000
67 2004
2585 2586
2877 2878
2056 2129
2375 2376
1002 1003
2209 2354
778 779
2098 2920
2933 2934
2567 2803
2306 2502
233 234
705 2617
1045 1046
2811 2924
2574 3000
2610 2968
2013 3000
741 2362
1485 1486
484 485
2843 2844
1589 1590
333 1726
2140 2265
2807 2808
1916 2532
215 1806
132 3000
1687 1688
2754 2782
2122 2123
1351 1352
287 288
2160 2602
1324 1325
1404 1813
1023 1024
2100 2101
1001 1002
2024 2025
286 3000
2192 2193
1801 1802
1793 1794
2530 3000
1571 2832
2684 3000
2478 2479
2085 2739
1874 3000
2228 2229
2470 2602
2308 2927
1377 2218
2934 2935
2231 2942
492 493
2957 2993
2601 2665
2531 2970
574 575
2020 2443
2697 2698
1837 3000
893 2802
389 779
2367 2368
2729 2961
694 695
156 157
469 470
671 3000
194 2865
742 743
907 2389
566 2633
2129 2130
7 8
118 1354
1774 2741
693 694
438 2349
246 247
1945 2649
2270 2271
1509 2723
1024 1025
2758 2759
203 204
1264 2293
1717 1718
73 906
2980 2985
2078 2847
1728 2010
607 707
2549 2550
210 211
1958 3000
155 156
1283 1284
1733 1857
716 717
1197 1198
2189 3000
446 556
988 989
2580 2986
1993 2549
1322 2826
654 1216
140 141
2726 2926
2307 2901
294 295
1018 2145
1782 3000
2292 2328
2771 2788
2690 2691
1361 2089
2143 2144
2856 2857
2920 2921
1746 1902
2404 2831
2575 2607
879 1731
1047 2551
497 498
243 585
437 2182
2679 2925
1445 2543
583 584
1943 2904
1440 2716
288 289
850 2885
906 2398
1536 2172
430 1361
2960 2981
347 815
1720 1887
2483 2576
349 2682
1563 1564
87 1482
2889 2947
2613 2614
2918 2970
748 3000
1153 2600
794 1915
513 514
353 2600
1164 1165
695 696
2986 2988
1203 2611
2568 2714
1855 1856
1291 2796
297 3000
1415 1416
2835 2836
496 1277
1724 1725
2646 2647
1977 2905
1407 1408
1455 1539
451 3000
69 2972
161 162
2040 2087
254 255
1773 1774
542 2287
2640 2641
313 2604
684 1393
2318 2319
1791 2473
2012 2254
1022 1023
1708 1709
104 493
393 394
2298 2299
197 198
690 1549
1124 2303
223 407
2842 2843
1172 2143
1795 2502
2897 2937
2274 2501
1540 1541
2311 2312
2144 2145
807 808
39 1892
2172 2173
2124 2661
1960 1961
2699 2746
1032 2133
1635 1681
1278 1354
481 941
410 837
2077 2986
46 2894
967 968
1629 2898
2840 2967
724 1084
2810 2965
1771 1772
384 800
2634 2635
1443 1444
2035 3000
1606 3000
870 871
1669 2191
609 610
887 2304
480 1271
1699 2707
863 864
909 2574
36 37
1592 2151
2259 2789
301 302
759 3000
1115 1116
1755 2601
91 92
613 2642
124 2131
1017 1018
1270 1686
21 22
1677 2751
2293 2843
640 707
898 899
883 884
2504 2532
1754 2654
220 3000
2337 2367
1974 1975
531 2006
209 3000
2734 2766
392 393
2472 2473
2657 2670
1507 1508
1641 2347
470 471
434 435
41 2673
2278 2621
648 1677
768 2491
952 953
1340 1367
171 1603
642 836
283 1268
1583 1584
1908 2481
1899 1900
2082 2815
2372 2835
699 2691
2046 2047
2354 2355
1595 3000
337 338
884 885
2164 2165
922 1126
52 1909
1552 2621
2485 2486
2569 2570
1665 2467
2660 2661
846 2073
1385 2728
175 176
571 1279
1842 1843
1653 1654
1611 1612
1287 3000
2673 3000
1543 1917
1033 1837
1998 2474
2556 2557
2036 2569
1524 2180
982 983
1215 1475
2669 2670
2407 2983
1149 1150
2482 2780
859 2530
1971 2487
1695 1696
2188 2905
2612 2613
2871 2872
327 1670
1747 2341
236 584
2701 2853
1893 2480
1957 2279
341 3000
1802 2882
1809 2124
2250 2866
10 1426
2370 2858
821 822
281 282
2314 2464
958 2953
2946 2988
2195 2653
2806 2993
190 191
1566 2577
2739 2740
53 2985
1929 2151
127 128
504 505
2161 2438
2916 2963
1040 1236
1228 2510
817 2279
668 897
1329 1351
2123 2124
2590 2591
265 1739
757 758
999 2702
2791 2939
877 878
307 1261
304 2805
423 1406
2107 2108
1938 2014
1406 2263
1487 2394
345 346
1523 1754
2342 2913
205 206
1050 1051
299 413
2821 2822
391 422
2456 2862
835 836
1129 1130
361 2070
502 951
2797 2814
842 843
1848 1849
2919 2920
133 134
2462 2991
1235 2250
576 577
1917 2130
1242 1824
2966 2987
195 2060
111 1198
1532 2566
213 1085
2076 2443
709 710
1798 2639
2336 2704
1469 2612
2138 2958
1334 2981
1376 2938
2300 2948
2928 2929
924 925
2400 2995
26 2200
143 3000
2579 2611
2509 2737
261 262
1806 1807
2629 3000
1964 2702
2713 2775
659 660
1066 1067
1597 1598
214 281
1683 3000
1598 1599
2865 2866
2408 2409
1132 1632
2862 2968
2766 2767
2827 3000
461 589
1602 2096
1180 1604
2728 3000
339 2297
936 1179
2146 2738
1979 2731
2894 2980
1218 1219
2328 2614
1515 1731
2996 2997
2284 2285
1162 1163
35 36
508 2139
1976 1977
1834 1835
802 2681
2572 2890
2826 2871
1362 1843
1959 2359
1239 1240
1637 2681
2493 2494
838 2687
702 703
2364 2962
2064 2437
1546 1815
2964 2996
2158 2159
676 2269
585 1392
1130 2191
1778 1779
2193 2194
2279 2548
1955 1956
2142 2143
904 905
1707 1764
96 173
2128 2129
2331 2332
2282 2283
2150 2151
2636 2965
145 153
2638 2989
2288 3000
827 828
1055 1172
81 2501
897 898
2661 2662
2415 2416
1338 1339
1560 2830
78 79
2956 2957
1118 1231
2339 2340
2449 2563
1065 1066
272 2839
1144 3000
1036 1037
1482 2017
1009 1010
2227 2228
1522 2857
1313 2473
777 778
552 1812
471 472
2500 2501
68 1708
959 960
1644 1923
1570 1571
1934 1935
1155 1156
2759 2760
1256 2579
1411 2863
1421 1422
2409 2410
2833 2927
2388 2389
1095 1406
45 2852
1388 1389
1181 2882
1273 2071
2971 2976
2467 2618
1638 1639
1174 1552
635 2135
1970 2343
811 2171
2743 2950
149 150
628 1218
218 219
736 737
85 86
680 681
479 1849
2362 2554
608 2944
2502 2665
2876 2929
1375 3000
404 566
2315 2512
2755 2904
1954 1955
806 807
799 800
375 1592
1972 2396
2987 2998
2373 2374
119 120
418 3000
1089 3000
499 500
1444 1445
545 2876
323 324
798 799
1135 1136
204 205
487 2882
992 1974
2454 2627
9 10
1189 2953
1800 1801
896 897
1395 1396
2434 2708
2643 2939
1247 1248
296 297
1716 1717
1703 1704
1675 1676
2974 2989
541 542
2538 2950
2465 2466
2010 2011
932 933
1488 1940
2444 2445
2317 2318
534 535
19 1609
882 883
2683 2684
2431 2432
1940 1941
1591 1592
109 2934
1467 2611
1079 1080
520 521
457 458
2823 2824
2644 2707
1104 2031
1626 1627
962 1778
2958 2988
374 3000
611 612
2348 2645
1850 1851
324 325
832 2883
71 72
2793 2794
2955 2956
1168 1557
2115 2116
1223 1552
2600 2739
360 2228
2495 2664
2777 2788
245 246
1442 1443
509 1419
1372 1373
652 653
663 2080
2795 2796
1031 1032
1419 3000
980 981
1378 2915
1275 1276
2486 2487
1094 1095
2985 2999
2287 2739
257 635
2730 2731
1195 2699
386 387
379 380
79 80
1859 3000
2999 3000
2963 2964
2199 2200
727 1523
2588 2688
1420 2333
2381 2382
1425 2463
1765 1766
1408 1409
2476 2611
366 367
1373 1374
610 611
1298 3000
837 2621
1577 1578
2880 2994
1464 1465
569 570
1432 2148
1576 1577
206 783
1930 2209
1199 1200
128 129
651 652
1867 2995
868 869
1854 2589
421 422
618 619
191 192
927 2753
2870 2871
247 248
2740 2905
1975 1976
186 1065
2233 2234
1862 1863
765 766
1818 2543
1196 2344
2979 2985
1061 2207
2628 2917
2443 2444
2460 2624
1643 2995
944 2765
2429 2430
2069 2893
2688 2689
2271 2681
2174 2987
269 2821
957 3000
670 953
1775 1911
1767 2583
674 675
926 927
712 976
991 2871
2102 2103
1470 1471
588 589
2651 3000
1097 1934
1657 2893
1634 2282
1034 3000
1253 1254
77 78
1700 1938
285 2007
526 527
646 647
144 1225
1621 1690
1710 1711
638 639
1651 2406
586 2482
2624 2706
2607 3000
2774 2775
1670 2177
1612 1613
2735 2842
98 99
2554 2824
1919 1920
2017 2018
2863 2864
5 2567
455 456
1327 1770
2785 2931
2119 2243
401 402
300 2181
20 1157
2165 2166
2392 2929
2249 2250
2922 2952
1510 2316
2173 2976
2037 2038
2338 2339
207 1853
415 416
728 729
82 373
1600 2578
121 122
2581 2818
1990 1991
1339 1340
312 2285
553 554
820 821
1630 2398
2426 2565
2630 2692
2820 2933
1398 2332
1107 1108
2645 2933
30 31
1085 1086
363 3000
2680 2741
621 780
2909 2967
1307 2700
2254 2255
336 337
1966 2738
2222 3000
776 2348
1931 2025
266 267
2993 2998
271 1295
1588 2303
1864 1865
2086 2087
2499 2500
2778 2817
2075 2459
1462 2630
2403 2404
2371 2872
1394 1395
1656 2909
2802 2803
2649 2674
251 1066
831 1403
1815 1816
3 2742
1692 2380
912 913
2564 2565
536 1941
1292 2089
1448 2805
2401 2402
1574 1872
1816 2866
2623 2934
1295 1296
615 1036
2708 2843
1365 1366
2763 2815
2110 2491
598 1793
182 183
1745 1746
1390 1429
230 2887
1314 2256
970 991
1176 1177
1148 1149
2620 2621
2033 2044
316 317
217 218
2389 2390
2604 2605
2642 2880
2831 2864
447 1713
1005 2470
329 330
