5000 2345
769931 834521
505546 904232
518969 535814
97154 905550
653336 950341
493934 996549
394116 761845
638948 917477
127048 870870
882038 916288
147882 634969
45792 274311
183149 716175
716743 784385
340104 752714
342436 902911
797888 910174
824120 904000
737802 853031
497650 559650
770792 985585
846091 937365
415616 573453
807105 807389
377269 633165
204182 533792
288554 765792
837115 885566
980127 987747
197934 439237
638367 654828
6626 659912
426537 806693
403696 973052
349478 961792
768257 832281
865232 912712
874089 976361
291333 435542
248312 768769
531652 841161
370730 471818
228936 779116
149931 303890
478379 657459
222937 394253
665039 955759
787920 966884
570768 738066
192637 898486
120300 940756
412289 568541
620079 829444
685368 945667
395237 450773
736595 809307
555598 872541
500063 928973
509957 535960
740336 844902
875508 907252
695962 726372
28032 765402
405834 653644
845329 977439
59058 305619
992497 996612
899294 986728
777131 948846
500573 662385
570841 727979
667462 671327
567359 839797
291587 877734
678035 982034
265733 585867
292459 398819
97066 272993
915179 973278
770849 957285
358784 501755
766569 899347
912949 999524
701310 895721
310229 765249
952416 973856
59917 610834
764420 951451
812168 907162
290460 529042
623791 830721
170241 539414
495971 950961
177741 789501
803558 814178
366337 830090
123549 834787
9294 540193
96314 692986
156721 516482
668762 715360
848939 979197
42180 629878
931042 977449
160398 620510
145951 503194
402075 555869
23309 562252
969027 991070
230195 589071
906492 993202
889832 982469
662237 690911
773743 890796
246585 911322
811377 823112
659109 704373
241823 731506
327422 652582
795927 921374
649856 863672
795811 909501
6486 279910
610458 670125
671243 692492
325896 733154
346309 650057
240031 536374
240671 343168
873990 988164
533519 974683
991934 997736
136202 851085
554355 880263
91620 637894
336319 892414
100200 322396
116115 289905
441088 604593
665190 843547
749780 783170
957768 999902
948253 951455
666316 985149
221772 962539
147773 470394
623191 822567
695247 936386
363502 877453
248153 391100
527234 992796
723546 965777
399419 418696
695723 888013
258027 966659
121626 530146
613730 732183
748314 907280
988940 994634
347464 802739
774442 895679
450805 973745
351434 364973
56484 605226
767297 827238
114401 170788
72098 775933
476406 660252
316654 442015
745353 917084
583262 785413
74613 124482
506601 653780
755931 781388
152576 413476
968695 990257
131296 603249
438525 937944
456348 457433
926512 992722
939853 984797
915516 921070
256571 375775
511247 925354
313600 454249
267092 962761
447411 806026
415745 961780
297458 631422
946870 977167
90227 523609
757947 857622
149214 713853
377613 746373
497936 777016
65905 524863
844348 867910
210417 734278
570002 626993
416281 828386
626136 627754
963770 968171
864371 934005
357712 384081
38931 142079
266620 887545
805408 899321
176206 197030
498708 805237
634968 851216
794913 944343
633912 900570
365706 610368
497257 825051
480771 856792
840473 883895
522937 583651
262467 860561
194963 265275
188663 547596
895031 979638
538749 881581
563593 937991
851763 998186
471196 760227
210571 408759
418022 800909
467645 984617
310025 511770
652605 707259
640270 845442
446233 572771
464748 648675
681255 790986
674917 925220
330133 516159
78961 528726
887544 936242
317343 332222
697257 881435
395167 489982
11651 517397
342286 971548
715030 771199
836614 941380
274241 890924
133774 158065
382519 931466
522539 761701
611388 872902
170130 918528
501683 677764
687274 850749
879092 974272
918052 996291
922005 977073
536560 790272
503393 597881
789027 823546
933270 973329
925109 958670
725082 745895
652185 840458
831215 993227
570857 850166
643952 797948
861711 866252
649167 880289
883110 917777
2490 884366
848948 992186
383603 786610
952923 964940
588115 963484
430709 745477
442002 448058
428438 578973
589238 672953
558376 581866
101031 284993
448917 808537
90725 968454
977598 994555
264603 392796
481684 671911
862305 944017
410707 829863
609248 688852
611567 894561
981404 986380
549757 986970
746301 764321
742130 946898
453190 474488
338418 672200
257634 568845
700760 959220
510186 620953
301883 721573
959990 966953
295024 364594
270672 880968
87640 918046
443922 999403
50852 78996
239269 995549
460930 708101
203773 419086
18366 160028
255163 932091
816053 930627
133892 931767
622611 711471
616840 869675
349407 865536
826883 960285
351619 755447
285830 762174
611801 623167
643128 794032
471405 842221
406235 683769
566793 598117
880561 930478
158320 321119
215580 591292
66965 204696
544878 887643
553750 751131
286622 343378
732538 903291
324392 940165
103954 968501
971441 971917
765415 988196
562776 785043
237283 740442
958422 963574
820696 965677
126743 257451
474167 610299
599720 746240
557882 908529
44244 877064
394727 451287
415494 636846
620074 771048
106825 261696
984739 997381
275488 748257
195345 473311
763453 897632
991697 994522
632681 655883
144886 602990
679324 939843
752427 870585
721357 929049
411778 542323
425603 672437
238999 921353
17995 824842
924145 992136
734020 754320
291775 364367
949404 985401
122736 753239
43088 607192
323694 482025
269301 427052
584515 762374
805072 985538
543236 572299
729301 865073
345069 657085
185922 797437
120470 963336
24206 162073
581966 609782
158784 595575
836229 857698
695188 951779
718030 959344
870680 890782
149779 286055
53420 743706
80440 185065
796483 845256
716754 789901
522318 909798
385228 750447
123801 731989
237914 901354
448695 724318
640179 684165
846452 870893
110851 256370
206692 465516
599985 945345
163532 386191
303182 833288
385218 823898
621695 784450
78953 161576
991763 995838
164083 730360
627361 736315
209485 352787
908555 920885
261418 796790
881357 976158
382247 813811
109413 131036
40898 371332
948471 963812
278114 414958
856899 977506
898211 910707
46283 831324
426942 996962
646677 995030
442698 706623
840888 894912
418379 520726
542329 759069
996494 999835
743056 987749
27706 989666
765046 836623
929675 985297
235577 343821
932902 947548
293854 328539
619957 906436
228818 339052
249645 326877
37843 333979
809407 899069
942524 990649
218670 449562
327291 493293
733521 839585
649214 663390
149344 909703
162260 518970
937090 960559
728257 990866
23317 993325
977989 990065
618142 680417
379402 797324
454453 553482
391453 967698
858495 983804
209132 878531
576340 945480
313310 324101
984056 993578
449130 905587
730763 861996
709226 772135
86647 868507
378842 506088
934451 949206
892030 935134
911377 915815
870124 913436
31472 471931
543676 901407
304980 849307
494885 746684
162552 374038
171755 778750
131703 727247
630700 677108
622711 625085
175968 681535
493742 536603
224311 858230
999813 999896
580148 823006
896611 986491
663123 832326
840141 844489
193794 899425
252814 661055
105248 251270
866128 948502
464743 797135
585883 630340
848705 920413
892567 962919
573102 852692
658577 721982
501747 543584
352475 925524
934046 980571
206211 840457
21836 68048
944374 979988
666653 893956
897969 912857
438979 799286
562687 936779
220366 679848
448920 707155
349969 758260
48970 645976
859535 962402
735674 808771
250223 252362
894810 896862
756481 862958
626667 736833
830781 890099
468109 485234
714997 804320
616521 997873
450857 527434
100049 989338
250136 479107
626219 850290
933655 988193
7983 737801
699623 917054
634097 981224
133351 976355
387469 592285
506729 908718
865774 891076
964372 978400
790032 819989
989944 998864
551576 563755
84257 220314
127617 550834
724189 973119
74983 117563
240751 372459
581028 954771
231985 721001
412909 805557
448954 791450
205590 327703
718691 913196
494797 568453
688844 714719
240657 888091
982553 994716
229619 693357
13477 358158
608271 617913
149423 656049
624377 702896
167253 322184
928259 950736
753367 876576
745018 870644
525623 989872
199865 492745
209556 949822
441476 466844
944581 974368
449933 905338
429729 802406
851844 895892
412088 963660
621687 930259
474701 682387
733349 815422
535260 951030
527988 722232
923681 924232
462952 485309
105709 727533
156798 562123
422826 887044
574533 834074
305819 323938
41909 831714
713556 882372
189192 921189
257632 814645
773603 946633
165554 832840
319454 393674
363475 593544
951152 960720
898170 921461
201352 782372
915085 970280
750913 983592
863301 966383
607057 860965
152099 945366
780636 928282
676772 968907
124626 419871
284106 833535
412200 789226
201296 567595
14919 269651
641708 715289
780349 788410
359543 805844
531658 947659
214967 299803
550339 748450
721028 821182
386257 855070
643164 906773
223210 551332
723934 992702
136798 679616
786979 896873
895761 983459
799743 901703
951348 951903
607281 713882
968127 987724
177258 469791
822374 847607
730083 988285
350690 404642
201151 357596
656301 773936
777740 903337
44751 213279
424204 501619
966666 984098
629009 989576
83426 390016
354454 508334
875888 883895
380088 940283
364545 460598
741187 880705
133096 694312
357426 888158
314761 330045
87492 570014
658963 893376
940416 943638
89301 952881
711164 745335
793097 797470
593859 774862
242540 644173
40180 45894
396451 955022
796497 916971
266867 780236
359011 760091
433788 750190
877405 886017
58125 546535
826973 850894
751505 974903
409071 990432
513692 534456
841318 949551
641138 679603
613458 646854
534484 773933
32896 149933
945610 986192
196083 343467
843636 875735
416646 599089
31030 187333
339125 876537
967640 990777
216385 860410
15701 874793
409160 773490
854106 985689
12507 946019
253199 766450
993168 998626
663763 834296
920469 988422
413277 808463
953020 982015
220588 792367
551158 942534
290593 533855
508928 961815
986388 989001
124746 180521
42294 784640
504695 712457
254624 919637
126953 315385
257730 429314
911883 994941
353338 773978
414349 717914
788709 848664
450620 993952
679261 822096
217799 245693
715710 880034
880675 919125
177080 981075
255915 937449
199452 559217
498376 527630
97095 457057
35214 794504
298981 900909
485932 619248
659846 945203
990823 992028
253342 349519
958267 989650
276470 276807
756787 758655
985159 996294
591561 901392
434015 587043
907268 944857
74232 196357
588296 989656
905085 931851
600136 834879
405232 694329
401966 616953
974030 990584
704509 994181
156089 661256
511965 622414
652196 685346
206720 626712
723683 863122
578903 937354
924411 932030
834643 918118
995049 995302
944924 965092
496528 633459
85662 429382
422966 440054
875964 920732
65743 634837
619218 842224
296119 375864
531242 931511
294863 570866
137294 216225
688916 999542
774395 999168
252221 518466
740202 768444
548915 933233
866201 923958
174800 853914
500696 855000
749290 972576
634566 710065
76267 831393
732579 979478
304398 978279
43172 221596
310134 405062
923076 961236
348928 395658
686544 986634
33633 416975
886990 929408
314742 717046
416691 944313
349703 953267
332085 600892
344975 371415
680525 883885
529172 867105
707139 716167
820546 937251
683511 768259
449297 669562
731400 896031
349671 787472
14698 160493
622962 838584
927166 941899
148736 394157
849510 935060
216053 465624
891656 929700
956759 970747
723653 759986
159668 657688
293604 436575
544526 825683
789762 922822
497019 999841
674208 710519
490516 545137
563808 575922
75778 460540
114527 713074
607414 965405
723717 729024
143124 393506
294816 866898
471314 943887
551708 784786
377936 916153
378415 577037
407371 851610
242933 885849
78325 635072
86525 368038
179122 229182
487720 515831
27843 421689
997126 999216
629960 656332
602914 875141
776263 935283
408100 610576
527197 660828
680991 928853
385331 854875
917499 965724
318210 556999
261663 733733
883885 932296
959266 990055
133045 589761
540142 610119
997576 997824
951845 954254
839360 954498
177803 839450
474757 951797
843064 856764
573169 741546
627273 636743
647182 739255
705546 773883
532020 596754
90829 161793
758146 963485
131986 357741
489566 605334
595040 807424
223944 365638
898046 907256
637813 842546
78416 877222
494113 584866
371364 517087
24370 210022
584992 726180
562475 973223
661193 985009
418316 869161
451497 856854
453110 462823
42298 809946
771954 895459
171576 831888
519825 526033
143423 182325
779939 909753
466516 914636
125727 567191
67380 895300
167943 812207
837354 941852
84160 697955
105531 268267
95898 905477
913085 963714
2372 9128
240546 886761
772778 889323
886270 908988
157087 551834
876024 974347
957465 986424
480740 775658
792281 836153
290931 582238
37966 306382
520785 750794
711477 878684
819961 857936
396185 770228
564195 740896
920259 984999
431866 783353
787877 957361
572052 688763
274274 939249
649636 796778
428259 867961
987332 991918
283369 757774
312921 967915
942660 955967
338450 689893
374373 637048
141669 743534
690183 867255
100781 964904
254385 915917
91080 258965
273856 598907
278187 516359
418891 685410
636917 978178
655690 799101
927186 967620
877547 934744
863265 868409
700067 713570
434063 987433
194813 730515
912650 921571
853212 903685
550006 965812
966637 997743
661486 807525
125705 476391
44854 542090
117812 885972
314565 616211
535004 689606
728813 943065
930466 946447
81529 533620
309688 716896
987756 990651
268114 301058
712670 717602
377675 795216
672840 687237
254385 454161
827466 913931
609005 871441
515638 560151
684280 721835
364027 478494
333703 706344
674410 715008
283618 639014
697308 849033
617155 804518
546825 633724
915438 976829
695483 973119
168494 602918
551829 787454
549898 630660
565583 915242
784922 873485
229554 292744
499415 740843
883280 911651
459321 546405
445544 965047
706036 798439
489060 813986
395267 410339
747910 966308
30725 484158
55361 715455
704587 901423
213673 824438
980899 991673
408482 529193
808456 974146
522593 668781
163626 793538
535904 816406
204638 853460
445728 775776
714695 899986
581352 841046
762735 991447
648585 941069
418737 624189
157500 342043
803859 823901
548120 732810
36855 329701
587553 717209
340062 629351
879271 909636
791941 997236
195487 809590
191167 477336
235759 991667
992914 999369
923483 969422
749775 837256
700976 816413
489714 623340
139503 578871
516764 711179
75040 501668
301010 831087
189704 849791
589055 987051
540062 792323
941567 966724
459908 504077
494751 554782
98180 962193
377429 900515
679313 788600
354149 716801
981543 987846
420829 887524
869423 960697
795644 945744
971194 991537
303323 397358
369494 494321
130265 143007
968795 982051
255077 622400
190438 203091
803390 985334
249768 858959
179253 468609
195271 872550
485750 692396
526183 575254
888927 908176
118525 626218
227018 632875
639120 883998
530220 684253
734027 988000
220294 815206
930917 960668
669620 693238
453408 866740
64699 102673
631248 968313
73055 170722
279149 672413
601935 648954
569992 641135
604375 954094
446062 540506
510048 685777
895240 925788
963145 980856
52889 192862
33712 217176
299042 882534
865767 902416
901761 986247
182098 344285
728856 854480
761868 870131
170476 852381
495593 864272
768988 866922
271183 375374
582897 656678
548171 623845
831901 912009
571061 912392
333712 420106
143535 626998
682208 825119
904100 960050
517164 951541
304329 708716
400825 441879
603593 847515
577043 908027
678238 809105
932173 969625
266216 952553
72389 270988
332523 761683
665220 892147
346242 984990
274539 499400
154516 197046
409290 727033
86122 396015
368465 381535
642938 891436
243129 248191
217551 806046
676609 963470
470655 493492
480838 861205
525684 698446
587731 980310
910877 991720
225074 379036
494997 892525
942451 968183
578907 588767
417665 496097
626252 702231
573694 770353
942795 956182
486891 964488
5541 855635
21726 126108
37332 910354
295646 328933
532478 565095
733880 853042
733288 943067
464785 963212
604295 769403
990362 999553
180158 291132
75292 262175
900253 978816
42610 640756
615705 704829
716277 892449
9958 765424
655988 760054
52791 647055
319896 332675
795485 797049
537534 956935
824457 875208
783196 973613
546860 562184
386170 710692
6460 127604
486129 975972
267857 413662
256295 770734
421613 507653
692272 978793
377350 685654
213617 606980
61362 76013
24595 681393
764880 966926
68196 767483
88293 545339
460471 954857
740654 755908
197173 410465
342763 883798
848535 939517
586722 702526
519718 723113
908829 997144
746116 750954
851067 855598
446895 855875
57692 193644
501426 689764
910447 961097
616172 677574
106907 807782
938000 960629
872104 956435
526358 894973
598236 942940
808454 966021
34846 391897
353642 721143
509752 940857
97323 488652
24209 983230
866718 990921
659485 827807
673035 884939
257551 445165
130585 853024
882794 964217
889738 945269
667138 726855
89468 401315
205673 436207
341937 838010
723778 831057
198332 766454
975563 987746
219414 583507
367439 731939
378412 531908
41503 413099
400099 596625
413662 433409
448151 511137
703912 903193
917279 995686
916051 981073
858318 983391
96691 216848
237340 882698
341048 595022
348698 745848
66354 884339
813675 852681
524780 757569
225158 373979
568540 860259
826479 844261
696370 759209
645187 753987
371126 419543
516730 543619
265436 579294
58415 757353
19582 447549
539927 861790
903775 973568
849370 976545
833929 968469
373722 864690
253841 632491
22368 863941
660689 891147
324026 672466
660866 788841
550279 791311
242910 589531
821878 957234
694027 903395
692782 868581
265516 461644
284016 625301
692775 839338
198023 878260
886717 907122
60998 894975
635366 812457
528597 867862
516197 596657
307883 434043
74640 868319
922101 942586
220810 281384
42261 827631
892139 989262
199102 627113
545413 548275
157237 758328
223362 955239
130851 705771
980981 997273
312829 625399
849752 935150
344451 640743
655745 661146
178968 235346
392248 598535
107257 792375
578304 827245
544807 973817
144000 611213
628758 946901
969820 976402
235663 842173
282382 951871
657047 703424
120564 700344
774937 780692
998370 999138
277691 295082
948297 991685
899495 919355
752822 812202
370640 384289
270160 496179
263930 566675
91000 763824
128505 521801
421315 736218
856620 910445
129786 850849
447438 812620
375265 979493
602856 744213
478195 505758
647098 998063
666007 738856
270490 594005
192517 569663
799041 900290
549501 961891
321381 385533
586201 604346
927612 987165
154072 712727
435659 510860
927342 957572
341565 436250
473661 714954
545840 997684
362112 453434
105597 562461
384017 499836
533360 866229
765956 836745
383923 991926
281642 675733
385771 474701
822420 966881
900344 951425
738337 780527
781678 970241
838419 956149
909370 926708
836119 845687
754207 897355
795811 918638
720550 945202
641233 903150
861527 946652
932763 956959
325874 462313
246900 792274
485914 724945
206569 657617
72479 388414
152113 417699
270365 447046
729968 892084
542003 709564
761319 874931
614710 784966
637822 712366
614322 705187
281561 461743
345730 812390
714162 769330
404765 681692
184228 701738
897385 990169
281000 820415
505880 687150
714891 840414
590339 873718
560546 692502
112426 120202
463094 908542
353742 450126
615873 985129
927338 940554
971582 979137
846791 869534
403202 495409
766818 812904
536561 754462
546057 586116
73512 236161
112265 835908
260448 955061
752688 819247
825386 905711
804995 915779
558279 613145
840128 967066
352062 787512
90383 267824
98295 432759
803607 925396
559240 563260
166797 539368
572752 865955
476917 721662
634172 728079
562491 790670
340960 786938
525164 768010
683513 761713
970089 992277
10881 935398
196371 257800
497371 774271
303355 520377
836804 842997
309135 819130
91249 102501
125004 431668
37685 147696
907053 979498
908201 957005
364898 576985
34153 662890
561553 659464
697328 709267
281643 632083
314889 386922
21680 432274
29403 714491
341626 694364
645519 904560
276201 669265
467115 755508
454079 919040
852767 942535
986550 997048
38670 544954
106098 318868
157730 671318
587711 743416
215438 955652
102787 245148
555163 767306
807483 966869
951148 980263
401304 701932
265413 557369
148603 536056
25031 303647
400632 623370
280176 402979
499649 990127
832388 882985
342568 972940
173068 365354
949815 979659
297644 691339
945116 953905
299638 450276
486565 752795
795369 965794
449191 848139
42824 371032
867315 874907
547269 555070
491656 836663
260801 741346
576198 868641
364170 811600
734954 790039
942340 953142
559139 948679
564531 715661
164244 977728
464709 596945
686607 690211
622766 625897
677362 788669
588245 880975
893241 996034
955200 964686
439752 868131
833299 892434
846183 953064
630236 897517
3801 657055
781895 956637
302013 834485
762456 936750
690685 710098
939353 945197
636100 996346
116323 268682
265689 681142
206803 341355
205560 912940
983131 996329
236702 393371
525968 819521
344778 905187
430186 674676
700762 937593
482673 816920
891973 908721
968715 982798
218653 918451
15582 719423
877637 926793
161144 369919
479413 744194
169014 944499
717234 764718
473465 495929
302865 357072
56784 695758
22249 336290
114575 178832
350489 693230
128229 536328
29468 471378
937106 983632
539138 579525
721265 970533
941569 959391
470138 645321
935141 966005
442537 564451
704945 844086
903132 993478
270574 392274
43558 609976
187969 397327
773085 773500
647203 824599
36255 994348
671055 702484
249275 452968
314144 961288
89159 388774
945359 982906
121525 392948
91254 950805
217938 820120
765101 838424
596173 942423
648728 817671
474170 854819
557821 642311
896598 940304
41800 686165
498907 972881
419185 873195
308681 673102
429862 569902
24452 847548
579006 833507
99646 551638
700307 842007
781517 833479
463848 628915
669681 753384
325485 745021
590199 705586
612633 920672
390522 441891
319467 441822
717166 844318
456002 956788
864937 982989
784188 966608
653527 882977
453687 789076
543096 963659
961809 995023
109965 180915
864788 941048
593127 846816
812996 929568
556723 922395
990482 991570
279083 390498
565435 948080
713879 913797
45175 713742
791455 919570
37372 847759
242261 545019
525995 717264
530510 919151
101239 340229
855092 925851
838806 863693
547488 605549
292335 458732
109285 551911
285573 463860
846691 857075
835055 849420
740139 854448
669680 997176
574450 593669
787343 853801
254132 778576
417547 545825
70926 995946
259516 297835
722709 957067
826018 903696
950553 990381
300131 871805
395579 699953
891861 959486
233174 244028
515424 907830
10040 861588
823760 927744
422660 936640
573281 795544
909238 976443
150805 371387
776586 804120
620627 656419
215844 779447
369487 889739
804648 934259
20722 906343
918131 961387
445010 691144
15615 731707
5498 676263
743427 882117
774574 948702
834764 851046
851238 913693
195710 301891
899183 971605
589970 729682
972858 990809
978023 979276
151210 972407
851012 946366
230911 549468
83815 127053
183060 756768
512616 616968
845690 877547
519583 654783
856029 883151
405129 754752
833774 897761
94381 204619
810555 957152
287907 887430
415749 588123
190565 850655
802684 896482
394463 972182
684012 747624
572952 690541
663620 860816
790897 829068
338201 759015
115149 605653
309658 967448
957698 992738
141973 295652
180579 733420
435284 834013
974487 996465
861731 933537
669403 861849
461377 872170
467541 748971
68345 590127
227003 376931
713905 848670
468303 926521
161460 226517
873915 979106
973879 982362
55464 863150
767460 858142
170500 836013
996369 997401
165314 906960
89246 339440
319784 641400
671195 965568
765647 883097
648581 652680
825534 868163
867425 936126
308070 578336
23896 941174
272061 591452
18412 648043
60756 806492
78317 135167
21089 433848
385893 558935
227318 954777
73246 350299
594006 873728
702790 874629
377284 607291
168120 863561
213640 330200
35908 668584
912032 957427
201884 500584
177402 747766
450418 482539
473247 839550
2557 561147
814681 955559
96739 617969
933030 944985
457478 710625
435151 882937
876656 877953
177846 786641
627956 945415
990848 997158
859417 963607
401192 658743
961252 992604
270038 509639
930341 991900
455679 872878
987640 998466
782044 836063
784236 966641
522894 914084
395096 970342
611657 763782
324319 451962
523927 745136
235328 489619
803287 827018
255473 605067
949326 997568
179047 480030
536926 707993
349513 408993
57275 215290
648403 798801
650666 930326
481239 742498
237955 995470
564534 691094
922855 991579
995301 999122
329424 606615
63202 453747
218753 718065
82037 220474
553061 767393
95009 404622
942466 952956
656869 767903
149351 930978
971634 983495
142882 801857
144060 350456
559280 906480
584383 960270
898994 907782
16923 180665
765171 779726
99178 882151
477143 899736
578851 942911
762091 958065
631450 908340
123374 698253
861987 877691
326633 919552
961528 970155
523294 675357
921164 931706
524979 535251
384969 671573
937069 963426
215791 569579
375863 905391
651401 694660
404298 857030
173378 949452
604073 731544
314656 388652
943724 948944
300455 609679
661257 922003
765460 805657
751045 903970
328506 405251
833045 885491
877602 928543
740564 907872
570325 748969
131376 378756
564949 807185
341243 605544
992910 999694
907496 940473
622577 918817
881397 913571
550412 645749
539434 642579
208534 690057
416049 615732
607865 923254
442618 847235
917401 949784
124304 560540
313125 523275
132714 566038
174142 926572
460019 789745
231259 773982
290561 686321
834123 867659
985949 993461
738187 814957
344218 823794
201461 824493
396761 937484
974425 999606
297159 715774
257325 533602
935094 970894
500774 854579
479513 747360
812476 854426
233716 808923
597853 786342
64440 774755
62413 348132
197849 399675
352571 377121
48468 560244
758593 980121
193053 950622
692070 747013
477941 622951
345877 436515
587459 850051
42854 985516
109729 785222
248500 266793
351349 405836
640291 784476
285593 721307
18549 498756
730682 752959
597318 769301
475172 960232
822519 876249
856444 963011
540496 787397
829088 844521
619929 962077
281543 320163
105586 342289
289860 630906
678832 749846
204534 395549
276695 652524
904534 915156
953064 977328
566130 860113
807503 895945
266106 669771
679751 777072
499121 605641
132392 376611
410001 968708
481263 610675
323958 469885
773288 876388
114876 447676
760349 802438
914868 997406
654117 945889
888903 990965
337318 712436
284394 548127
733562 741243
63121 385854
47381 962132
672764 695825
408266 830942
870647 962268
473820 709754
86993 112997
85846 120737
78380 920126
939996 953158
958578 994774
680108 734315
947487 961805
923337 929641
74978 743224
279366 364522
111231 633943
764239 771897
818883 935271
92698 638517
182465 200704
595993 653457
157525 608930
648269 842208
648735 989440
529806 550920
902847 963141
750479 766379
506551 776498
101940 379741
600306 926155
70308 502979
559036 965075
996280 999723
116438 930313
812942 882590
728216 972192
906849 922061
890421 906638
350225 620775
451884 616042
291111 828328
89282 247392
65050 396548
88735 966955
43596 379033
305359 614971
390248 775307
963351 965666
443057 555411
348627 635590
645826 821070
540160 900788
199230 563542
142778 583316
45933 136345
858537 911351
612706 848047
659484 668781
399828 900125
86960 361685
529392 742337
911539 987715
689360 863722
619546 661769
184302 299019
44775 776926
116330 768901
190547 491731
674742 858072
776820 905434
686126 828879
948516 989528
635582 762285
145710 190349
907780 958571
876097 878147
696648 921081
701208 808746
277956 940486
129292 531705
286860 901522
558728 657098
269006 320907
327623 621224
703297 824417
903841 940592
754953 833897
466787 852518
289310 349601
617684 877959
635645 763720
360952 534594
319733 886191
267974 579357
172692 566947
534782 576861
656673 898575
864368 977885
203386 641168
31784 861856
259276 530093
985454 988695
787438 909609
527522 778833
345453 586887
818502 953923
94296 482136
822479 887453
895172 990272
56164 816043
402173 743759
267172 800867
958391 990543
707774 960817
2337 110282
579911 978498
765942 911573
362599 556268
616488 636917
303964 545498
989987 997026
639960 826468
659958 858317
535155 683420
578312 715181
841358 873351
381604 570242
826722 842127
812007 940563
442040 677630
707779 928984
204974 424899
407581 815342
86161 654124
525501 807491
880567 997859
539489 924652
254008 689053
727888 795058
389522 937699
307154 451370
307625 638912
26867 969790
203547 631156
700040 731077
47806 462121
875082 939654
344121 442582
433782 926387
440212 938304
494162 535756
645403 834246
796181 867441
129313 412348
294968 896606
195487 646977
595670 612125
675149 891643
372697 448256
824630 959855
581553 990794
257225 832108
626207 900295
701523 967141
449037 529025
299189 957661
957241 981310
770498 908503
741659 883465
316989 912864
17529 426257
179194 628099
105877 396039
894425 909865
347010 925986
156225 344452
942222 984186
659156 937999
566864 884505
506887 873082
612892 628746
146489 604992
598949 630842
654799 740311
15969 344493
811047 954114
696168 773662
985534 989721
534998 634034
483112 810185
405826 432600
107110 498873
341269 718263
969291 985415
326523 803976
351852 442694
555671 934460
88407 832522
50160 603416
303154 610125
685497 907457
34168 754748
722485 762759
127480 291678
773543 891432
752977 840073
626662 757475
335325 985160
239969 514928
412055 793178
137627 941795
349799 941377
437557 954224
889080 908606
800482 910844
448542 561734
49816 920859
111003 320480
442583 585422
290659 296676
649649 694587
524358 621426
267744 966664
463322 958096
781655 912765
551666 561439
566362 907290
662542 682534
301014 937813
670116 703912
871529 915143
165768 242116
689909 763188
36727 816168
789774 932786
375362 608841
369550 935195
153139 694698
404694 903626
68635 407639
629586 710628
711330 771861
703607 866224
88293 892711
120132 610653
151572 540964
756867 955044
888867 943234
77620 329072
781593 913492
252288 621194
257359 576843
378120 800675
621946 691232
38748 525936
476911 860172
684155 883190
972434 980750
698700 987059
206409 901550
124281 298522
799833 951907
247327 383119
709096 893056
197773 952739
993397 996672
962668 992385
353370 894721
240458 633884
877955 981304
881384 919639
676229 881603
694825 858130
190264 631364
394243 850388
392947 805284
632231 831432
558196 631583
719086 994041
790801 907673
165905 375010
184437 608168
918780 924065
541257 922255
812397 888736
545054 755298
960229 969095
432260 930292
527578 850030
211279 476179
571127 896458
320016 511282
77698 658696
560292 707878
636007 901112
503632 782040
885809 939686
775344 913969
371404 827165
541146 801589
798855 991586
990162 999878
978432 979216
72254 176060
603402 938682
892122 963222
868455 959694
792415 929452
420524 878486
491263 983291
675782 782854
106135 370760
458525 822190
299113 703589
207678 219333
920352 961296
240475 647996
546654 549743
551693 727792
84508 537582
546815 779892
165437 496254
415874 436071
747939 915716
714193 779739
194610 516481
943172 964215
478398 482523
519791 948885
799980 929157
357230 687394
47106 181654
208342 475727
815975 978354
992851 998630
204077 394596
515247 968250
426666 458067
173016 259679
771112 930609
29852 275606
181474 727856
312419 475787
834129 877801
686474 870914
865480 963353
343038 549916
67228 454525
615662 716437
860437 868240
112819 451051
36900 774897
815666 923210
293445 765797
603036 618548
473609 853462
629624 919440
583264 969648
328822 840613
846592 936142
645241 968148
989663 999614
248386 812305
329333 903417
361129 744465
149518 302656
755388 960618
282333 517534
972369 999198
381683 387834
617260 965150
550073 809955
733951 825736
760964 868239
426547 574738
921203 956601
157337 854348
782367 888152
318594 548417
407585 932968
352432 557631
717140 912683
89864 635109
29194 440180
166583 922503
581130 983836
276956 597952
199662 570275
709248 718827
919460 972823
569979 687463
896282 998503
686925 953023
830274 979958
392920 975469
592724 879408
793442 887706
170195 697820
651960 929360
788917 928088
925550 940893
665450 959343
814829 925112
899991 989351
107772 348239
469179 735314
781463 992130
34076 224786
141537 868080
275356 985728
577990 680250
757747 957215
9578 417954
889219 906069
482391 631685
920105 940252
257007 644339
359983 452777
946437 954730
936839 953693
506776 790381
147555 166011
494450 832712
630308 905003
424085 778112
31209 203611
653711 917889
855593 886980
117763 948711
206643 812435
638519 877322
216052 672993
659171 736769
756829 762892
524700 729717
650677 920935
583553 778103
234528 370323
931284 989267
341350 532524
27213 235700
778707 877739
440962 628105
169676 592371
462899 914023
361276 551338
93123 913395
417841 659372
853827 881924
316277 706378
609047 672470
563812 628859
666143 679596
755130 802086
992179 992225
649275 940347
403365 711199
676560 695218
964681 976104
219894 906652
323067 406014
913983 966607
948986 987327
43825 67851
35330 943977
478844 775922
288015 391526
707215 930518
837588 956610
44556 55550
558427 890657
62782 787414
419374 664070
165544 554440
810106 956878
433731 489585
139179 672995
940906 994745
333291 995100
63972 166817
743012 982431
963282 988939
609737 972274
310011 876147
753330 935686
185146 590006
512420 655320
571591 848217
698711 940497
358643 931623
228820 374552
17412 69022
975496 989541
61402 916631
491920 928512
849245 920525
516253 640105
261207 923722
754741 758042
515909 827792
723169 803965
949604 962344
242381 721773
269350 693997
532321 858701
937874 976653
486368 854873
164968 749985
982735 993890
515467 909555
562335 728127
339578 966056
107617 345246
920066 944175
361240 553992
265921 929612
967490 994947
511705 869239
232398 484892
664569 924615
531841 725211
209734 495861
758214 792341
175073 592499
162127 408027
840304 976243
445144 896559
372446 924316
939053 984609
482882 540694
349372 383381
449595 522446
434691 709380
917063 949377
343997 493408
92713 546479
118882 516046
916082 923285
172660 659261
237653 608117
180293 859945
73604 513975
223571 853773
84077 469049
432199 674213
779927 947849
384879 826743
346558 633765
845304 985916
472540 822570
558419 657549
22272 145597
387707 393238
546748 668235
782217 830429
712776 773568
390068 564760
558456 634752
84578 918800
745610 753653
179513 428589
304854 861310
56132 124528
473478 515169
882112 950770
947608 965038
591428 860744
127980 429215
942112 992272
396204 987049
198853 630299
953846 966638
203049 674628
676436 924210
829116 929514
643057 923823
283705 774589
165519 524101
661554 699193
527739 729765
33944 104499
950889 975616
923462 981096
911746 995616
184418 661689
645407 920496
739099 810766
493461 506346
173432 326479
794159 987948
502794 519760
792806 837148
454394 681333
506846 714274
389562 799920
361577 995563
722757 844825
460282 775048
172677 439996
4741 937357
150500 175670
89794 688876
105876 847514
542315 969423
564802 641927
593047 962262
483072 670316
21265 655066
255537 334204
374376 657997
71392 418843
618564 790584
300671 811389
787958 926622
201117 470164
854773 926737
13555 789241
815376 832643
63346 305316
64837 959399
648114 722721
94162 789466
746778 933757
76390 219829
508301 752135
921096 933283
440690 666295
943699 968061
33304 919490
996819 997997
538442 629718
134961 548833
466657 815972
458966 759553
435438 521144
690840 747120
320117 364985
490262 762603
831726 861811
310362 721606
755397 866536
950478 981556
421804 480609
290961 985392
267908 420049
807775 820573
470810 645625
271521 940012
354506 644756
6928 288085
874787 994127
495137 704138
179245 602436
355577 661332
230784 814116
803259 848635
865267 888937
88478 717672
329840 598654
736011 902078
232689 748158
673320 757479
839789 977647
2577 564972
258159 755053
91593 300497
454726 617032
914530 944919
615335 864552
35717 268598
625968 899774
110781 886050
853789 887647
864111 912133
636605 827474
634204 828195
404389 551175
381619 645055
914444 940626
341503 422972
88709 316073
901776 929072
63892 618273
469497 730155
826232 928258
164303 628827
631692 859389
907468 958793
671503 903511
623357 781862
340147 666815
735122 835633
358035 774998
508878 800335
709346 818402
708810 921776
165823 312857
95938 169635
962151 966699
836062 868663
286970 924205
824545 884309
872018 900248
965752 968051
140388 784324
940415 988134
244842 871157
649707 733714
933015 975368
211565 882834
747395 916089
505550 674358
437944 918562
165162 902179
668444 827809
591106 861502
368363 580071
744652 885910
529354 968690
817371 858664
967074 975861
584147 706472
309219 328039
100954 939771
872031 881116
760693 764266
39591 789942
782794 864759
251176 418172
477145 513600
946781 984653
554994 986051
35683 771513
146498 412452
673193 773988
408765 761753
290287 665442
924063 930763
81533 545679
626570 638585
401890 986570
972772 987693
308871 862073
111455 275267
186156 758267
736959 859372
684299 696971
296590 665551
833518 894361
613166 769821
596418 702409
847985 945834
175559 691993
255568 780399
135934 236771
443687 830197
937110 973726
23883 933887
808073 969727
826536 908554
792605 959116
468960 829941
963199 964624
984578 998752
378595 419896
410467 574870
147666 283087
85667 842479
851842 862351
502290 730839
463716 517640
341152 909376
484940 759339
45756 843673
94039 551796
609620 844095
334056 530789
90316 158733
174904 834731
826558 848391
116778 647697
223356 650387
735831 875242
6272 851103
553696 734727
467461 743851
820530 958206
307296 444365
126019 884559
456285 504378
345486 476645
854919 861085
564427 958133
631381 969534
661779 967411
803300 990035
389443 447780
10720 231724
337672 728115
565132 610430
494239 793425
547629 698333
917738 948853
533250 825127
312547 609609
507323 767509
268150 587932
557645 972966
58290 179071
587032 622359
503926 808544
710842 771384
237969 290654
846311 873643
634086 746723
3826 860274
644733 890891
233237 247354
924497 999610
989088 994703
408519 585281
658104 990241
79374 429309
603331 934463
425726 933126
494308 965931
315387 330154
215072 459060
37653 119771
38055 851612
844964 879781
865751 869962
638803 809203
742282 857918
774393 787576
28107 410290
671057 827119
81839 758812
958694 994173
558783 791520
311045 560432
838783 982557
489517 902071
117723 798036
302470 336841
355961 833518
723466 733147
468195 497513
106918 241219
47293 221385
852773 918067
57713 277455
206774 595749
533861 536168
960430 997410
190913 493786
66458 620520
773046 819309
555732 901964
867475 880685
629052 944063
721950 745588
167722 401418
300387 514221
221306 429959
873405 887138
113573 207574
769850 925482
996435 997290
332550 717363
911295 993898
831391 987854
508389 590253
31236 200893
581032 846492
738918 818072
928051 972283
84961 518421
837557 896623
653974 750713
753848 946030
648320 715317
923425 991532
146563 537651
356663 983956
327903 523420
470063 863852
270001 554124
715648 964527
310354 380799
992402 995566
717768 859869
696748 697278
976878 989726
366747 988793
634949 789013
772931 792611
886576 955918
903602 908292
557829 770446
875063 966364
915432 932874
53153 863295
221955 423481
287384 999455
555171 708209
299479 326676
277636 367254
411134 641548
881009 923523
773058 873587
569477 989113
360760 807316
960629 983397
940773 954706
455482 845440
884404 946077
16369 28929
549038 961050
441349 898209
303730 641376
748810 751634
692419 936143
32962 197695
886690 992902
369354 547487
64610 815059
176739 320439
437750 949402
772170 919663
820924 901454
665686 891614
224931 590378
400549 756751
732722 987880
462652 786403
457634 841407
32256 627467
154503 949094
203320 934197
282432 933460
570304 888273
489420 751123
956931 996271
381492 948137
565831 592657
732318 893690
140676 352390
332126 986744
968521 972912
488863 662235
593775 622703
215205 644865
303732 542459
582949 812585
412567 791532
324922 557661
370528 881740
683456 976640
992780 999738
537176 549646
733227 809640
260684 807971
944186 969274
868412 877551
849452 851487
140633 635793
269440 378099
875103 909556
917057 935467
398104 404281
316956 353358
900176 985079
662698 776121
623247 888115
166153 251142
897127 988286
955886 978065
812502 846856
738253 845940
888646 931356
374852 729934
50689 745520
859217 989653
233213 784658
360287 768481
729613 949116
531978 599977
506136 515363
739620 917463
471340 913777
572327 899379
23926 49548
411820 829655
554129 565842
125323 496967
493764 807246
478942 503273
970301 995569
702784 745974
627520 861292
113693 527634
958635 959462
245285 683294
5223 85783
495608 887759
596615 696851
122417 883621
50404 72589
627023 888250
341021 859978
786959 956781
541762 863448
792838 976699
53036 924482
807705 935819
302042 343675
131922 490891
326829 796206
509467 621549
813262 885313
404946 783168
511453 619636
795598 815139
101892 367010
793771 909019
90758 413215
108557 665348
937896 975942
131108 206082
830827 845069
377566 679972
453915 491899
325565 908609
4984 368740
638183 803748
974344 978679
479490 686838
701095 757249
848794 978362
401555 454396
590252 913734
504202 518664
732042 749957
849302 948364
165144 695947
17445 612911
389167 731026
739053 952420
116221 397208
762504 793888
3741 61611
758488 862195
984408 988533
200216 452859
206138 291802
187528 770833
567640 903387
616313 891439
355461 801003
682238 716645
151550 313085
638569 876416
226669 367375
529260 765452
702500 961139
464550 995046
895636 981024
718495 809945
805595 807814
469308 959371
282620 518791
987072 987113
336609 493992
438103 778765
826656 829694
163568 678019
149464 970672
736537 987795
245210 679793
596675 754405
288555 422004
78816 154004
851958 955767
490737 794505
139592 874020
483886 961958
90927 248010
969030 992124
911373 913811
771895 854728
687879 968291
706433 774790
881224 881957
952971 980631
216822 420141
876584 998579
861026 922704
837587 859814
8812 395835
566621 825834
763939 891830
376310 847140
911790 958467
145728 573901
842400 891593
903570 927074
743055 888774
709790 859762
13193 943645
663042 760405
546940 627187
901008 976365
788241 837488
766331 883892
759762 963228
415167 939081
11365 538234
615560 860579
995200 999852
558749 909171
359696 364343
445116 681265
899860 949862
647389 735976
934545 936691
366952 908290
429499 486356
857251 995821
789079 955878
654060 837134
64000 233056
99920 339214
641390 659092
798547 881379
374986 536462
692147 871867
931477 974543
871133 943857
891375 960022
452239 664142
736519 988825
356886 554312
617447 950418
822428 824356
772461 889836
574645 962811
917040 920735
166263 522702
709800 733451
939887 986565
8112 95804
508850 733743
878412 924250
579956 665040
493680 546317
928136 984890
24636 563888
798062 909490
416335 707520
918475 982599
826597 977460
671188 815758
976441 983159
568737 940496
28667 748523
534710 813181
149416 718821
252916 395477
398949 403524
781060 949793
523138 730985
185079 481214
371095 620312
236835 385443
415596 712816
779973 904010
213798 906493
480329 951880
146716 170052
99836 182065
654640 889974
547032 643633
26660 292924
483542 651989
757424 801278
759153 844332
260242 759665
210390 577267
150246 532234
857039 981992
935576 954137
491203 580782
83455 108167
780729 907331
647698 672320
453641 467665
144631 740160
850514 947255
245155 467360
790173 829050
293926 948244
44749 512491
401489 554434
826604 873607
614396 989591
513451 954454
501619 569845
983659 990924
202984 622512
811685 996842
661151 780974
601348 991684
414235 820183
52862 368187
222458 765720
924997 973027
120206 435230
278582 758847
708513 996292
87764 268608
696932 721338
797101 912745
61565 746322
643936 777442
434314 601731
376225 933836
729721 825378
530267 856346
480168 636988
240431 728224
611847 728573
955703 979984
467865 622892
311197 477082
118346 131293
674513 717704
192611 894024
463822 717165
212289 571585
347910 550020
645052 799519
865966 974528
73995 470392
61218 746023
249456 480664
597836 951765
776274 995987
175017 857733
269839 428756
250569 479643
381103 554712
837585 917932
750701 996803
869380 906063
746704 958286
370410 929189
177940 766125
879695 919272
871639 917087
192645 980150
60995 146957
478057 701410
118789 792214
881134 915008
525142 909477
698924 904812
406068 976685
649978 790219
883107 934359
337927 724312
948775 970833
794072 978383
654844 863326
306325 439495
248055 703206
181589 828135
208517 523295
910801 963982
238735 409305
439979 649925
886523 887738
946745 955439
35268 158419
490316 653904
371554 417802
954048 970900
797092 873320
851031 966717
687666 869941
664556 877520
997574 999042
580979 867877
773873 926115
524942 995717
252703 980301
969011 969498
435688 711526
91482 600051
608533 944571
835526 984716
819492 849244
862764 881092
547567 687381
183216 895270
49587 102455
688184 699252
723612 798534
934563 996178
378787 927410
748756 806901
30199 689763
195821 577582
708066 720827
165480 462350
297130 827942
164076 475454
689528 856193
993083 998153
623067 932119
894897 986709
687772 906782
396294 489825
606328 898920
262186 489385
896816 968526
415360 899635
700980 719538
507013 986876
50231 846750
487159 903373
816882 980045
941851 977897
539024 847030
931635 963923
526753 939304
765897 778737
898662 962725
113678 555779
482483 753417
47157 781071
395093 468407
819162 883799
332612 426840
753410 845868
45369 722559
825585 902640
352973 819095
513433 931449
955350 990945
913888 927721
358849 454893
72293 562167
427764 903027
607760 939916
431107 916156
129626 173545
778922 824348
63874 929461
357621 956857
710197 868397
639076 954042
958562 960966
149463 525133
961348 999686
779622 790107
908938 987052
169693 330831
282918 515122
939315 939559
253892 959231
519309 854259
415673 643706
553066 757765
804064 945906
667453 973621
923096 978284
476632 868674
834095 849268
447627 856278
64165 798995
193338 257512
612939 935873
527781 880008
695723 877378
521338 964666
195834 973041
741372 970962
399384 536753
158126 759499
840667 880708
51370 782800
547059 615964
514545 782457
623586 722044
486791 565788
841550 896373
414577 458800
935877 996551
40213 778676
67540 741546
901280 941065
147216 648756
638300 685081
965207 998827
21981 889217
90672 216535
741478 994299
445168 756568
75337 690504
218083 640937
954798 968939
945089 963755
129392 321180
645945 876894
712804 896698
470386 552036
793640 884255
961683 996307
108485 264479
477581 559149
542095 628997
190451 754950
708815 739496
221846 387476
804064 996921
43462 550214
979073 996729
58137 143352
92021 310871
968770 984160
382162 766509
486106 785334
540583 883081
746931 953888
256421 768002
972931 995473
552996 859265
523396 717194
515640 516725
837784 882166
121401 197838
273183 392736
480541 826433
429706 570828
288180 990118
30810 794815
69400 991480
52717 786077
838704 890931
10862 117529
126898 996537
512787 779340
413935 842734
279148 828421
101040 703585
73769 228944
864419 873279
396583 965212
252589 972198
342954 577892
762733 807756
939204 963237
454364 936271
102116 853272
549618 873100
429477 725906
458594 682487
649834 866063
107150 862003
659586 865848
926824 949762
574215 641704
422303 722089
24189 894927
753260 799900
335246 707407
644438 761237
289726 956900
337989 805814
438746 974099
24698 588729
481722 503964
835977 871438
110493 608377
372150 633789
311664 556846
444125 866541
572006 789656
435602 898606
371478 623287
826117 941986
76108 207525
662769 831616
157745 902751
495919 664539
702205 891727
261347 429597
285649 844195
327221 966468
719876 949493
809696 948864
484966 965288
974578 992232
401516 722469
857630 944445
399836 457093
420726 528764
167790 243615
365156 566978
547738 970449
585556 799505
13444 190161
196414 663016
228401 399614
962529 973433
735886 906045
676444 859066
831690 959021
516003 719010
879913 904524
181247 587179
358905 481854
284594 625758
559328 784160
157887 974459
296827 618711
484815 586188
871252 939761
69777 423801
734375 891945
904914 991459
537475 574554
286448 665153
333518 961926
418327 795602
961778 964257
942739 982944
305433 960290
898970 939187
405183 851643
231935 896314
116953 604923
442789 970179
280535 896240
865458 970437
609945 682812
190589 432384
550151 776043
775342 817962
265462 278260
582485 966384
238042 447933
976772 979075
109460 637029
399113 570241
199359 846071
881460 913262
57295 652353
725844 848797
790484 970046
622622 813965
345028 714786
760322 992741
661708 710420
968206 990284
792988 999070
727249 800929
941578 973507
337133 456218
458006 638023
340621 747938
326624 989567
687318 893160
209750 497217
100972 506216
200471 676422
522428 754059
940435 989297
844575 911286
71537 136951
447077 753062
136345 612988
409498 784640
476748 749720
525450 760003
327413 677421
685009 876851
193081 908399
337464 756514
291896 879438
709189 743676
646659 882339
468906 609102
756770 867446
90200 217608
542930 814541
692988 759800
982724 983935
847389 875380
775553 866054
687699 974970
770171 863753
410650 966274
935 888622
173506 176700
630440 759047
165567 960443
792568 916085
223895 521571
329162 910573
590350 955160
911023 920104
783864 946263
853196 944069
378926 854728
300821 567144
531447 638172
644385 999948
701396 767121
704435 918428
22634 825659
754858 771302
185719 315048
710662 717049
227837 485524
943701 954020
911846 926431
328669 511477
175558 639535
299222 652037
745056 964768
43636 443787
114851 721686
161392 451056
660432 992704
288294 908799
53540 78145
492999 924164
176828 493941
676420 738462
907482 971801
395094 396396
643742 943276
751063 858783
330296 865106
330213 431514
943437 963488
126503 882401
747738 788238
275734 619632
355840 951772
294892 753179
31002 630271
186382 214873
682503 763111
86999 168159
608085 881534
820104 945127
99442 643089
915164 919693
836149 878359
53301 582720
245090 683777
729400 733032
417812 885132
570908 708090
572618 898568
824442 900214
918982 931073
902195 972231
876302 939384
603066 758248
415528 829972
417711 567686
921948 989381
651562 767769
617854 842106
422195 683323
783825 795829
357766 522786
818426 855207
229626 948502
182229 911246
590716 675136
810785 937520
388905 584410
414506 699737
945876 999305
260397 936326
845989 975603
938193 978582
196752 405013
693339 987320
897590 944020
822201 839470
853941 865767
768532 871869
30096 734094
744650 790565
528873 560687
292864 895442
415402 832063
390334 900985
858545 970437
633511 996245
342298 931254
979970 994987
597846 679853
218299 430595
426690 968027
473062 560431
701781 803738
486533 714841
191425 663408
363119 950562
718370 885199
338705 966499
882153 897299
528243 606013
516524 575697
134891 325284
239027 663919
102074 610149
119387 947219
989623 992008
964189 989510
523101 986366
793055 812836
161581 223989
943719 994584
524187 765731
469792 944989
793191 854078
345867 937971
762756 826193
697723 747987
9740 348044
250562 975497
503635 836232
19913 128555
421106 567882
951770 991546
708755 824720
523588 714280
246994 676451
887857 956123
369136 411906
679886 723258
917336 980149
95227 202097
767969 832552
571120 777946
361697 522912
378547 431719
930917 982216
796046 861703
461004 930949
468159 675277
214055 645365
449352 581817
965448 994794
425970 932670
417545 622451
569783 783638
18713 731400
370760 506403
358089 865019
516509 746457
419586 910579
969974 995882
104945 671823
965176 980623
149514 547851
946843 990277
78866 615004
640092 909206
614620 899219
46704 721217
457118 848256
57846 561767
367520 583081
241813 391114
189282 539518
549929 583204
319089 754625
895552 966427
623282 723800
64683 890789
826031 964700
911585 935335
938770 975572
335004 435952
5429 348741
99031 919853
956308 982835
244134 816455
953389 987011
892154 929964
949648 959881
256947 608288
236190 397121
26749 624703
967889 977255
338439 457813
996796 998237
944408 991050
481660 923469
360562 665635
374845 688435
764713 780064
362421 850237
820327 843694
874154 931320
754762 877553
566299 678479
127205 422353
819801 855622
931963 979793
872002 911111
277369 857372
912078 919208
610278 723887
873005 951740
614112 792774
62111 231388
114923 353307
538610 778391
41415 330314
564042 928760
80511 581319
625022 639998
695084 839320
683101 912223
400931 635331
827477 899857
44371 405166
598384 721539
936618 937134
316365 840857
263369 526550
299896 690068
581870 686732
353046 996975
752323 954942
633101 949133
341108 492827
435750 660836
679887 691196
639726 719615
357949 777212
297499 459181
448500 895622
777991 781902
62723 137201
803017 946640
818258 989826
10109 545412
444552 622065
367530 909476
502026 598230
723756 865889
669216 670694
749469 777438
237187 833397
539984 603489
773483 942922
749115 981534
315208 684732
116773 262878
533064 861785
937336 961131
81988 166040
969176 989180
208527 455109
502974 588771
142439 191031
145776 706833
757831 978447
407755 675455
907758 955298
290739 676407
776977 920994
515740 616642
739908 921821
182056 435872
244354 337729
86928 264669
691979 707965
744937 922124
662635 965588
48604 577572
679562 955624
834201 883759
491109 816981
42911 521231
957055 984677
127204 448384
862443 938757
629533 635740
286348 714491
947564 986439
187627 811555
772185 824837
941443 994412
136045 295344
381500 863511
407624 751377
681254 912966
184229 311527
491715 808882
243433 614601
377776 700765
539774 581701
233333 389608
348475 497834
690509 780496
970006 986384
880840 969685
837533 879608
76016 241776
9988 210825
18280 344207
799979 875561
14740 876321
156838 301882
84556 973174
27367 726069
674216 711928
256600 403839
616986 818638
737695 881192
766767 818084
551228 566449
847104 997011
374474 856640
811796 897799
922780 956019
140145 853054
234627 602474
754458 888736
807209 884907
325688 507933
817716 832321
144898 158197
732809 883714
871349 975644
846375 875569
81351 992289
760873 808851
106882 207041
392285 584254
196083 742441
668457 832603
695232 745458
479577 569544
84398 451608
27582 893253
495541 756767
922305 966237
77638 95458
713846 893104
127171 129862
632703 970787
865092 869677
666389 700688
217842 611903
765160 938133
164587 753346
905986 977114
483265 726253
79594 790580
126969 423101
136934 330067
80455 991240
284808 660593
874023 884800
983366 992048
544782 773752
560258 560938
906269 910031
178357 337155
567621 661193
826963 844047
931103 989259
917789 951975
871437 931444
176042 246261
596014 857374
594235 739562
302009 683356
297938 979186
178970 515136
263879 327346
524443 712750
851608 926668
931920 949512
704028 915532
145727 935980
309287 896650
108516 456068
76938 444132
438987 559582
240892 870849
343622 562734
892429 913873
499876 713620
86749 236276
401820 617452
743500 786562
782795 915713
765949 894147
105883 944965
601044 953739
227372 413680
819611 966644
336637 975815
591803 755782
895362 973534
150543 387663
698262 860923
645190 849007
464257 562798
876272 944778
342598 875835
959464 972659
583832 594919
642744 821511
191949 945706
585233 706514
863296 882589
317350 776383
189743 989006
318759 922485
18160 828899
783224 928625
295724 315485
46683 406362
907632 967113
412687 522422
70836 797861
279395 756566
64886 178380
671991 859248
658405 733228
274131 723120
526816 957760
43766 428599
999703 999883
630254 984003
903054 950538
722312 856764
971563 978261
342296 934316
786951 827520
456777 690231
480638 956175
971056 972735
391921 732046
684066 792516
952564 988694
140898 238184
305701 681396
557391 706980
739617 999335
984330 985670
66426 340956
499545 668270
983651 987013
818437 875569
238890 762543
231526 864737
590023 873456
560853 662154
995930 997922
213343 417511
397362 955602
942056 943497
461547 672330
314818 566549
905301 953467
878963 910305
85895 853130
441881 787709
99045 987353
155734 959236
661191 888355
161852 542757
603549 834166
102612 190307
701169 774905
980416 993850
568854 879327
571417 788381
896534 988805
975055 980104
307517 941946
11056 271386
749309 932234
287302 970868
503586 571388
713162 718549
558848 826417
119658 896251
332170 619399
197905 566544
359779 633775
224113 834521
578337 812711
96707 669605
766000 834072
701141 823581
532806 623340
221707 727158
475797 646189
774104 877582
694514 981479
816634 934887
899384 985503
556360 735913
117083 469609
808149 832291
182423 540639
391067 602737
874254 978982
861448 945874
307350 821419
311126 607944
324929 763602
122667 234745
34326 46894
524174 871880
698809 887011
621669 838021
183539 366490
529421 598483
246307 990255
359310 512656
893936 894229
810134 835124
529053 665026
642061 912134
114830 116274
159641 366191
34001 603284
323860 938397
366407 702727
380136 916830
820617 833968
641931 852099
128370 964753
315353 775113
147313 382163
446797 783412
924142 962886
536932 870255
83281 969838
295680 945449
799635 847042
584233 735766
232422 367706
628044 642826
72743 559199
664441 767907
931253 950291
872041 910872
946859 978134
209819 211181
408983 809563
97135 361739
51587 197789
866740 882301
726740 767993
662132 754726
761454 815039
107671 985836
750681 792115
606354 615970
982221 986814
533416 550755
106782 430358
202542 771668
713088 771501
407717 735574
278303 505906
361428 785853
721409 926861
862421 954915
174377 225420
581490 991757
414885 804004
62129 929442
526741 885929
646348 656850
856592 932595
983837 993842
226481 755679
733603 789322
735584 942686
91676 977708
980436 987889
952270 974563
800425 938251
637533 837135
423641 863507
952343 975661
97500 527819
753033 990287
181291 186191
965915 972546
325287 588328
594455 860982
829856 864938
241299 415718
284789 926578
990199 994570
460984 980798
620769 645356
453754 723571
992906 995102
418828 534338
200169 601709
191871 397542
601940 862076
672378 712440
913563 939298
369035 999435
844349 886311
538983 695717
654255 926738
705191 801225
514052 843954
758590 764694
178255 513716
718795 915336
514286 626690
295083 780033
902980 958545
689339 804062
711683 838307
291010 562081
882265 905001
276752 340550
560982 620361
33264 585907
365754 886309
612786 956102
657387 738416
224361 856007
232368 443255
239863 736266
483673 866726
324073 980937
437057 628632
132933 870617
838297 937058
23691 173208
914189 967486
530025 864566
195006 917603
505415 890064
813251 863550
704119 977109
394453 472876
516097 825728
124187 604794
653922 969267
109816 986687
579859 802697
271667 375197
277459 954983
455851 628446
878608 928009
540538 772398
158534 683653
335123 575839
225589 640700
165894 745791
451403 480925
376826 855171
641349 939148
471651 660372
670242 738281
924645 934081
556662 586127
124732 914920
385137 852722
364839 574700
186600 285076
354042 946018
939938 969358
735056 956523
349624 473442
99661 724827
181938 338701
132624 921580
75950 389309
646956 732052
28070 707042
475514 888707
888889 917874
617063 808548
78052 279663
496524 670525
454631 885706
405591 416577
732172 782517
846385 856722
19689 568818
439733 569851
53872 829389
920603 930941
193003 434416
458328 956737
13661 36924
151834 303712
493166 970285
593475 819666
728354 776348
52931 619012
625044 627319
616084 772685
815956 939475
631474 888316
629990 707126
545027 653245
202087 513674
945737 982840
416300 917738
67992 316823
789902 936674
594223 630944
428255 645824
175895 830215
269878 833913
300550 897755
657225 911110
20976 34650
436081 984099
303712 720503
775709 789121
529486 752063
378125 432632
185004 302455
352648 465644
893176 985154
113199 511758
593897 885740
704568 962882
841874 902087
103355 567624
335457 779411
861976 970952
765720 979863
396864 536067
452031 530027
85162 988578
922541 988215
290419 667427
160895 229823
34619 252870
1606 453040
539210 546543
804482 858934
785825 821978
967488 967500
16706 997131
671807 706043
829059 959940
134307 388127
158208 396935
933137 977299
864482 969054
729763 879683
772523 950836
200946 453991
284335 869176
996943 998627
600196 698898
939878 960417
797624 929799
826381 846738
559152 583851
40325 456009
722073 818492
505023 621788
934058 955872
606568 709578
263089 405540
167382 402616
940416 963373
130573 217765
86432 261427
667648 980462
40074 679890
901353 931651
777890 851485
708968 884501
299520 466669
212009 717743
814974 992779
465440 572708
168920 179894
161522 576586
105656 563369
717364 932980
636728 986123
436676 751967
692509 751533
382971 879697
612734 944847
543924 899031
22993 288520
87950 307462
890742 907617
759056 927469
619867 664433
291648 601048
811238 996884
353626 396931
923690 966103
433974 873276
62591 446585
686548 706352
479807 791510
879295 910758
978298 996203
841546 976481
506276 649956
674433 916710
533388 647613
634666 850634
361820 698338
386349 509806
70865 537299
269657 744734
385844 630339
37676 862655
694723 772935
451035 944972
781954 906341
973128 979824
193358 826661
962497 975752
759898 979463
216994 442629
625788 812053
632277 811473
625091 981095
17797 907472
479796 572411
589392 809491
951669 970429
311758 325902
151005 243503
582326 896233
678149 716379
13220 676635
461482 978211
539742 756153
256322 425238
381091 593637
451468 452421
572347 955475
9092 36425
235624 727434
599276 850149
434487 849023
748386 939335
596404 827039
738955 918183
946363 983733
635922 727855
891357 998582
50723 397153
549612 756891
362414 749096
966605 974607
476519 797222
421572 872595
389621 524326
35651 477086
13575 68560
30610 838967
474698 600821
604261 762598
997214 997599
198847 855442
804211 982839
511810 887988
308894 371621
962080 985507
125429 274888
395921 971980
929701 962209
275226 278807
842188 963271
981501 998643
913340 968956
49942 511828
671485 733085
55707 821231
57636 320622
911104 998701
653923 808029
917051 961640
861935 970125
760398 883048
743176 748418
293542 724522
627986 820757
427609 780411
407306 732889
641861 934930
17840 934507
25539 540720
330128 753810
806013 887555
122509 913234
675523 726336
759598 890172
449921 527192
361494 389331
353562 990029
328636 884441
843766 912482
684710 960553
881489 944418
369613 613536
504672 646787
162553 775936
549547 596842
853767 923064
815887 988484
781608 992882
155178 854225
368504 796130
747596 818601
30227 693334
877569 953168
782161 951635
601984 847882
919783 933707
979375 986698
973527 992562
637286 734784
857426 910332
575497 890736
362682 508633
23013 751939
229033 988525
807014 914795
57735 132838
842974 887654
738449 808225
837154 992134
244400 914900
15843 791249
356090 732635
37119 471403
816068 836180
33070 698436
978787 995798
509377 606588
896170 971487
44095 753141
96587 708912
805980 857828
196542 258296
446454 642997
76875 399646
657807 763286
550100 644992
794315 813888
19150 562828
346371 699839
172164 894838
848925 996068
396534 733921
396120 663202
883552 922067
946196 962216
705815 995725
588428 739167
915509 955149
568439 979048
143461 939375
440536 521433
586168 863072
228617 862747
227346 680999
840425 997976
712321 905110
569159 645110
456024 609538
656395 785561
57462 276687
576000 976948
43065 579228
493572 634459
540343 917240
690912 995131
908913 997547
4360 505414
269296 422017
493089 603329
261228 850036
592656 977528
162766 228769
867797 970351
160848 664689
639949 849278
639594 820244
941782 951494
361381 976345
611192 998048
142317 756728
384099 699584
286665 652037
943544 972947
503160 912946
857970 931929
161242 619525
302676 375653
384172 484833
363205 885900
145570 403841
290915 332733
169443 484652
243846 879514
603862 812726
725081 912034
387941 635307
551176 972000
122703 908836
447360 843147
437669 660574
823314 985676
265889 316213
895257 945761
705596 944728
710629 737808
4212 853727
421129 942841
159403 926165
124649 687788
550239 587287
60955 176815
812639 950561
688812 805645
918953 928236
833278 909628
645669 830373
687589 897487
698806 814110
785241 891791
423523 860101
632763 725283
551350 583357
778021 896426
531911 966978
653301 902031
97264 725979
695619 978658
222193 327784
333302 996031
754008 754264
861471 984978
574912 590094
413290 768331
242791 978169
931315 972280
225303 518060
200194 902422
699083 796240
219353 373927
795828 937686
436353 528254
12330 895222
147273 877526
915410 942914
799851 877846
109514 477998
37378 323940
30702 328400
484491 536815
375430 550476
93457 734077
807302 925630
967519 997342
403549 964438
806200 910869
859696 954081
48296 566773
424149 791205
746438 817819
460427 833594
363229 999534
966089 987133
130894 242777
480002 873989
206492 740433
690176 817219
902683 936152
697947 791447
176349 994211
318164 591067
260065 465327
616074 901576
866629 969800
318239 361795
864732 910100
794671 939243
712615 750743
35614 136501
475134 997973
236683 512040
435886 778335
391563 452712
655901 665496
352304 833149
282397 687411
358238 692797
112734 152025
576850 758294
228679 276177
983972 985138
168704 300621
865050 921826
363538 474565
853307 960074
957708 978007
90451 621709
273425 525801
728738 951753
955168 973221
84464 614265
857029 967808
355159 638105
78160 552949
345229 732986
90974 831184
882738 917572
388652 460610
880741 898124
287138 503574
682536 792437
512691 727294
396908 496329
446959 577086
166735 649453
252762 547762
155052 311111
954513 992041
464853 714289
10432 446780
933338 952313
183729 724447
527210 629274
722666 861948
890306 997461
496044 612606
460252 498777
802865 883934
507524 988449
356749 716932
473155 540022
844263 999960
212934 234921
44581 420563
41824 980566
575449 875160
191391 673331
917823 929498
558799 568885
186663 995579
638394 644540
217951 388683
371913 947353
690602 706239
643751 939240
162496 807226
997454 999252
41879 83097
43271 494756
969018 991701
221397 949431
302632 588988
33043 116798
680960 797485
856086 870986
748722 902279
378152 906344
352996 821255
683815 971965
739422 759722
436370 507883
1842 205402
603122 812617
123362 276709
92113 980905
635146 693069
703042 869461
433966 567320
733742 896566
605328 906255
100079 540619
592211 605856
120646 237512
494592 879386
193347 480708
607493 740495
892617 990118
290463 467345
920299 986829
777247 895718
248307 506617
813141 865975
158201 222870
819830 831864
967508 994856
804753 980135
585223 672443
749571 904127
436799 930840
231560 338739
199197 921319
802891 952796
2841 954138
467843 530131
15662 707868
514216 778971
542119 887264
238704 394245
5319 916921
229345 603792
401687 584961
887105 974080
650823 792459
823042 890548
556786 907139
47467 472494
271609 531298
474772 478320
556978 585190
890322 994105
997009 999730
759051 942701
94097 434563
153151 226209
349971 942385
299396 876320
130045 308151
117850 180167
124121 318203
799963 808775
479653 511082
795189 848026
451538 805681
94349 828121
649489 717500
343938 556644
76442 134198
925618 996063
763851 895070
42146 559762
577003 860537
456687 999925
38293 608328
285362 671177
835480 975080
917489 922469
241528 640523
378871 810641
508952 856209
586699 829094
481728 491329
971362 988417
201285 936831
183820 478892
685174 977123
53779 145906
629910 811805
47900 725469
507577 595873
290443 756851
499114 589027
197122 389784
356568 856590
279139 429869
776251 830506
594327 777397
708176 911335
819600 988321
95560 120145
220904 909526
570412 770050
631552 739195
927318 940939
828821 859965
106214 545621
635326 938407
624819 755336
14164 741161
11200 106739
462917 488315
940651 985207
688239 884056
917637 921111
624836 821964
836556 971149
176118 921014
843734 922336
47605 580032
476838 575936
34537 675282
89562 877275
9553 354603
436485 994271
295177 882479
468667 874509
698064 905118
521071 727867
561738 611991
105019 594597
837359 937669
170640 852354
434300 777390
305204 348882
319792 588383
393913 442953
935913 982975
304977 319563
672394 904335
157765 415835
905983 929004
484852 517575
218332 458984
949897 973820
804403 849451
886162 961555
265255 977612
793171 881691
388068 609115
357705 625200
351025 775073
200334 657071
760731 869468
381653 667678
670299 883371
41353 450234
890116 979841
569374 986303
385447 429152
91439 873160
912167 926863
548091 879293
616563 768805
815105 815540
411904 509655
180736 310302
177932 289785
112073 411961
817780 974073
720230 861175
162417 725866
630114 922896
273020 747494
578714 895317
939180 944918
184346 341048
970282 986311
188602 941844
708173 999284
377426 774274
59910 545353
30150 485389
351203 793932
952930 982106
709456 913073
238817 727574
129806 738430
820535 884821
908456 982073
715743 876420
901436 939981
172300 952096
577404 774722
525498 560534
42105 973211
751115 898521
164378 798820
834517 945560
444562 654040
586933 873472
644451 748953
21426 463429
233116 523603
850520 978511
338765 686541
738161 849407
547751 723752
145137 812838
329449 995284
233317 353179
890919 969894
686234 909065
944920 952644
226573 895262
313708 856958
452345 968178
288949 609442
130893 888857
817927 985465
256143 385963
104833 949707
254923 958016
982026 992917
65893 436035
552402 737050
545285 703015
637607 915004
484526 917719
805636 827643
372130 948565
390301 850640
378439 477119
791969 850021
231413 674848
879623 968724
318022 750843
184232 781911
24717 556142
118980 638819
703346 881863
517952 923261
985506 986240
501545 867559
466336 897116
80520 391465
532353 939921
737730 857152
397477 659087
762216 978663
861022 883148
403542 926334
102105 576264
161712 373570
235808 565897
921399 975928
636079 814122
373159 744977
519489 642980
827523 841881
582847 593892
814049 979794
101277 869649
723068 943988
395795 466804
841432 960904
98898 974358
293319 332781
385476 464664
8191 327879
882719 931526
181793 528170
848931 910514
106092 862380
725985 839976
425160 548553
723636 767449
521044 611378
982434 997672
168856 423177
927095 975218
456783 797164
494743 546988
675827 716590
587719 745096
961675 991003
450672 897596
651293 899031
272382 878192
334732 396027
53772 591159
659537 778998
949571 967486
967638 984594
28465 49503
99892 712179
997365 998711
511142 594232
115898 692927
248206 487799
826290 898896
275657 413221
819290 902407
98686 449735
107925 302444
802864 806453
685091 955217
21479 175982
995604 998132
365998 942028
846918 847849
618632 884445
337842 471790
979150 993466
435225 717056
943782 960037
65086 208922
742454 982855
990137 999609
928096 960639
363645 670794
336057 646080
889636 917671
455688 566797
200163 387771
597677 847325
524101 535765
605917 693372
406021 545645
618940 979588
233230 923687
21679 671820
585693 975578
100776 188377
155244 554335
144086 286088
805461 964621
535828 666386
330559 787790
325448 385160
662301 836837
470287 967862
432639 975876
369926 487795
460240 460835
936857 971426
267086 297567
929742 973947
279020 417133
608300 991016
