5000 2
57857 902764
584897 877885
684670 997591
454751 746516
755016 836827
911314 937954
90696 721293
955447 984296
28162 973192
21955 83009
580655 789235
105923 856018
606691 895555
57106 480379
788873 812458
622919 739410
565665 835190
278475 554387
152121 688709
837786 897458
158574 505824
589262 762785
57080 392418
202226 288351
728288 755630
553624 601378
569734 580866
486205 555749
610355 865339
645378 801079
974613 999108
955475 975482
248399 707277
768268 989637
531920 622893
62253 222878
933063 999615
582050 779537
748891 976695
60915 527843
54176 494243
756503 846478
107616 847781
546859 925688
658541 764302
966172 987606
896777 967069
160104 644475
635507 886251
894341 917929
8605 153506
346997 756550
289069 338559
346574 678098
740893 837862
406519 706667
590142 633811
661888 818883
646633 694606
381522 404100
887499 918101
916572 926993
213344 985147
9999 914165
298550 565893
553842 680628
455704 667779
819387 940519
274348 863873
809378 843795
884914 971617
2288 59773
452516 975249
726536 766714
251388 292298
13716 106452
572707 613263
793489 979840
789020 824553
921548 978232
453821 734218
767862 798486
913757 946280
893407 925181
335294 830483
937506 965919
270833 628695
343590 675504
374559 946687
983507 986038
191279 684542
240540 255480
786622 827028
620040 741327
205224 411877
219861 531887
70166 293012
246603 349223
614153 719800
988008 989790
3235 93894
995413 999600
466058 668846
434560 843641
125987 358133
30706 82270
788111 926393
111995 667131
156866 598114
287224 906107
234746 418519
836285 856056
145209 157318
826603 956853
693918 871853
561756 795101
689589 712955
940257 969605
866120 875023
261759 581059
852366 893834
353234 741774
334087 649606
590965 971112
938098 992866
571302 818054
41600 177906
480971 802782
855223 922946
550973 806452
163820 356636
586467 992513
935427 949614
954981 978738
188768 326386
696250 775345
792527 939190
65839 406317
584375 776301
508430 694235
40195 559622
846118 863895
79579 339368
188048 895293
848590 941958
44412 587439
709094 918761
151470 241411
533757 632943
214392 377659
944551 976322
525118 854131
968981 970785
871244 878430
698821 878273
897111 928359
604403 653401
14526 689937
395906 728675
822169 919959
773787 822251
216337 496521
112291 574703
962056 987199
883690 896326
766586 886984
368429 753347
665322 741487
781777 844089
832403 979399
41753 196371
129228 850175
949596 994571
577523 786970
270719 739606
693907 998922
534699 924910
947437 960365
208391 935199
681657 852575
747074 808994
456951 928831
276630 461213
314892 962038
198878 827806
263671 893846
164657 336686
886247 971407
692523 927859
540503 557059
138250 669233
783168 887063
37870 857613
460514 859917
755803 858543
349457 850517
952094 958136
358350 599464
353246 529952
210438 713436
290915 929385
9255 982862
710712 840933
616178 686633
323793 600410
47010 817272
118125 343586
316627 885634
44102 693210
397395 711900
613187 716071
108443 984056
524009 772219
295978 444858
438381 580581
994801 998983
509098 575582
246442 967699
219905 584577
831536 979099
307969 896306
470340 702569
924190 930903
516422 688324
336562 679482
140967 627027
796649 919235
390446 480481
194434 333020
706246 915751
758941 898204
605981 837039
466666 486834
787872 814503
357388 655407
788623 844003
957902 974453
408537 944757
411805 884199
279373 784295
536594 943391
23449 540554
660447 697215
696210 756760
699171 830840
40769 778335
403866 501549
664324 800537
524602 791722
113366 364649
417554 685121
349132 522695
219125 328161
673297 716994
801868 994339
559725 956556
448597 893497
65806 360635
218898 497238
645855 935424
809789 863590
607822 762739
294810 659234
303516 304708
44418 633435
619200 996136
882951 984112
964502 988416
175282 882833
13120 22832
571767 796019
420858 982928
361183 915935
401969 685801
745889 838304
996591 997816
607258 626697
927338 987995
702735 723234
920816 942730
239611 286001
862413 977428
713013 800926
739414 818165
657997 766827
487453 722781
955525 955593
100328 445750
137171 248847
563182 568363
24486 697426
216943 585908
866279 997555
355346 617720
728092 901263
347571 951746
472589 753096
270774 959672
355427 507757
604894 922778
270136 994955
599386 634478
171274 930678
273793 467761
987723 998712
25854 667935
406936 553608
295891 699866
512294 942511
417665 682964
934278 978166
594739 859682
83157 178509
500698 583960
579897 617607
845070 864131
308493 335853
526306 725349
304280 377283
511603 713762
453483 797367
433170 850613
588477 869414
109324 473927
980243 999910
698959 707089
931934 990724
158698 415829
203079 665798
1482 986340
206203 221200
777081 816825
146041 630761
766672 839821
953252 963210
239502 595958
907886 934992
781926 838170
17948 122131
175031 550630
745332 921327
908218 950542
664804 686598
522583 537463
606843 779866
396819 502035
410263 594861
409803 720981
11765 40379
821598 872968
820920 833930
462650 954683
799388 803270
725440 870989
728470 825426
544452 807624
789144 966976
389946 842360
304735 596617
83228 931335
820751 890174
651736 655320
282342 321780
967724 980567
56897 969436
30120 815106
957606 977205
481132 579152
757742 815399
963520 995672
463014 927794
623044 807379
799179 931409
628078 813017
290245 916043
824983 865119
664791 696415
210593 677842
207729 871100
822187 833330
775675 788156
754599 827818
201176 410250
521744 895860
580518 599080
171237 639351
430991 839151
621675 900054
252668 640617
556079 710344
974750 991489
113838 601281
862624 982265
720298 974465
621477 734143
794845 884237
106953 572732
607967 677726
502342 642149
503923 951144
973500 998473
365929 583571
287709 529934
728502 736927
358492 955885
863881 985183
952466 978297
947128 998925
600448 934670
901392 930336
499749 990304
887525 916223
236674 819979
707359 891937
779678 857267
330737 384326
637528 988620
774237 981843
487365 614917
612165 801441
337509 443785
970067 994504
753508 912618
987849 994114
138126 890485
957125 985777
528339 541075
231600 739358
664862 687923
405319 497446
533397 956822
108856 440049
460657 663273
619324 793638
39706 816534
389266 661203
391906 852674
788107 889533
682858 778538
180781 814737
710728 918092
648452 995819
435540 768723
607209 701771
407269 840629
475567 595102
469404 520749
412197 608503
894784 979152
917986 927621
496889 539822
738639 951851
171021 648635
650782 682212
442377 479080
851417 888638
985468 995009
858128 906544
259222 752586
716496 820157
992061 993178
82360 802259
325154 377202
851247 891420
26778 628725
119610 959265
504355 680479
494373 916121
221680 774045
525792 744871
804570 888756
538629 877519
628768 639062
602939 959643
43867 487251
305124 928914
951981 958523
426080 796323
276126 712818
203795 693212
193820 687559
582796 666006
205730 546870
466804 884848
542694 702252
164708 238813
809163 958626
228823 657039
44441 934757
333199 915503
72861 497080
400070 506324
11823 794478
392158 476947
395053 612332
71776 256316
356682 667901
572993 958607
263951 585075
499802 580723
771404 856429
645665 784632
16054 127297
823069 931600
949754 971105
726598 886019
392610 571897
529919 554385
17189 529338
850155 898010
810137 910702
731810 733531
597725 932882
549470 989640
821114 979428
684472 934383
883766 899333
615289 651530
499161 885682
472296 647567
712936 808301
425275 519306
459036 509867
79383 86723
143561 399126
868890 930099
707190 786521
424000 777870
973531 985766
265914 278463
72219 819363
890326 954302
803830 904535
223578 262988
794944 834597
915674 937780
781666 833408
360627 589202
197433 214871
926680 965997
9525 233842
542845 758755
779802 815743
38376 90093
670407 853850
16196 980106
60969 446253
25838 754789
424424 623710
242486 375284
948365 963989
442193 905690
978470 983006
540220 854637
866173 960558
98300 931140
868698 946837
327448 510396
710072 771654
221799 758300
726759 755344
951649 977013
261182 696083
244222 545232
744550 805227
431525 470505
437642 991251
132047 586620
473688 630456
750141 909817
883524 896757
260993 729201
230268 336270
448385 975533
762750 808509
23676 137404
144612 906740
640407 742563
242078 778036
936341 971056
255575 481233
567493 633423
308945 384404
415043 833108
854516 982022
444227 598761
259849 959880
193781 451437
604176 764337
201514 297617
572674 629891
713388 880719
138779 998121
595472 814810
932440 983592
967240 977616
171875 682205
437417 722526
90246 510382
660804 719790
413166 613963
400957 592638
462336 467528
207835 907366
48528 694838
229298 558551
626788 870983
657447 675989
724356 841448
590419 798261
476831 870490
134233 528154
661684 908683
164206 926973
225099 791136
909269 963195
123206 918614
318134 564753
702577 884386
675418 959845
106888 251512
110058 974556
679878 987173
254226 577951
542913 943672
356389 913708
470180 723035
728915 784882
493951 898550
199302 349752
290006 759088
498973 943700
801094 829568
317621 775243
506034 771314
269199 877151
884661 976198
549218 730114
868316 991871
179139 258643
701040 771973
586727 991568
980225 987653
992589 998143
310649 553875
749518 958521
836011 891923
75600 251707
180594 558869
762610 926528
329113 588023
247408 555882
693637 894813
83757 624361
35703 691693
994118 996522
735559 851120
148078 320058
939552 988879
673815 972230
844760 862963
790755 945827
827863 881047
723395 944000
428760 744264
129659 538464
323483 807671
100679 759182
329108 905698
755214 884379
227442 896970
638647 908743
488510 773295
597822 996925
450670 677335
206911 649696
154705 247119
264056 408866
437467 885489
441597 894946
614581 747379
377221 825884
214949 632288
331157 624540
415245 609669
268001 428505
688716 872776
980737 985626
778428 980639
631516 999961
446975 852786
112185 383277
641537 810696
390378 850704
932886 935372
35461 454743
5134 581430
945948 997556
877414 994718
940751 951744
302423 424168
123571 626076
289900 865909
191722 485844
198636 666711
20725 600526
366368 533061
309509 615229
233793 420263
285835 946371
555969 794022
404129 580606
751396 989867
726649 790306
287388 491284
168809 219758
619378 707110
575487 724718
927279 984385
781027 865647
340715 436126
798809 956487
385894 645115
493361 843703
709886 892140
601081 838516
972505 999045
906276 998348
444657 957749
142224 465283
238401 685449
150383 648565
428948 679141
85756 329599
56461 85686
100062 969457
679634 796723
935785 966974
209601 956405
958228 981501
239793 583732
720538 815514
100781 461278
549795 869007
341605 907578
815001 907877
539706 760892
389189 409919
735758 771153
46971 138680
505706 508171
978915 986394
57672 936781
576542 747879
191028 264769
110270 196853
882366 965229
850462 927193
501208 866827
71333 768045
924809 989756
419868 532157
1476 969188
865857 920647
422643 424713
958388 997789
476104 967615
603733 744838
513236 899787
989257 999767
45134 226583
150510 397527
967402 991050
910835 972816
387131 689537
787865 880123
5408 880838
561502 683676
438927 746686
783050 832344
839696 880721
658585 821122
996015 998876
834853 899595
663435 865622
740311 936691
851362 908129
876926 913538
812945 888451
875982 884927
517484 658688
487311 998040
49983 484016
76914 187690
754006 797172
843345 936305
90764 788336
11810 414717
388055 982395
916014 931514
157001 927882
211860 937847
909627 968642
348064 544230
183425 986034
53812 652742
784458 901298
773444 790001
700660 905427
10863 950384
953677 985660
589380 693131
764416 901192
620422 627909
752075 805028
947991 991891
728735 756733
223575 340874
743657 932393
712652 817043
891427 920853
267610 914997
603825 789641
826844 952832
447935 592451
726495 778135
36598 906474
142198 171842
673431 829215
764042 802618
599921 960972
265227 580352
913542 935015
43398 416731
321676 486392
436329 765183
62141 195736
364689 405940
865668 888947
762601 861014
983784 992046
356543 915320
102938 563307
683478 923065
212224 516310
423646 765584
560166 897286
477008 957082
355727 431796
40494 701950
24239 237601
923398 926329
298210 931771
507286 674504
986044 991125
245346 465139
925858 963078
139164 954223
1787 608441
814630 991970
48405 206136
449023 644430
758018 862765
933723 938358
297744 434583
82938 243206
662705 932341
973512 999403
273097 412936
576869 851370
721218 731603
710167 957602
10221 493943
603579 736765
158823 356788
937559 945006
109128 848448
616422 637356
561014 757215
353903 582426
136414 719297
857429 971369
859182 890404
542316 868376
86295 328595
152658 855351
145839 787325
437374 838689
356693 936941
391278 519499
690995 829084
639846 652991
455064 538591
866099 971232
787747 932794
733765 897612
625884 930447
432393 646653
108169 905494
95644 525182
190272 274255
415126 694980
504345 698338
457967 900381
805828 966649
552613 607575
214434 795793
854598 969967
270707 480051
551737 801879
763879 901418
562816 601581
29380 367784
248392 949939
514623 980269
630078 883462
380544 986949
120587 358622
629488 944691
530463 819978
759423 941985
662495 927473
480102 846964
143335 390876
716458 949395
894117 922097
215185 978556
850160 853594
284280 754189
750958 957746
694726 840622
689346 812323
185667 792907
990184 998151
151571 488921
627863 743448
541886 696958
163047 614914
361441 950052
891661 980521
96377 912373
711898 729665
371266 501875
68125 479939
837706 890751
150417 899099
741342 946455
597404 597991
159853 956701
526616 619278
627331 649518
259776 448868
693647 702975
405037 984821
668963 780396
998431 998919
255076 536766
731356 923936
963293 992049
758798 958532
848422 908998
724766 832100
232250 635007
733998 982993
955338 958312
649311 814473
977375 978324
190645 870551
412419 897324
903828 971659
968328 980410
85192 803161
540852 772505
365573 531098
562593 741351
439789 999629
891217 969437
521669 714101
743924 917339
451087 554068
208552 727061
293983 333099
611836 666954
634047 916880
283125 836242
819247 821064
142692 289273
880343 972804
13900 216624
723287 742372
365053 956553
937700 972643
226399 537723
522289 734556
108497 365133
201483 727442
195851 549812
174009 471552
876155 927418
973056 999041
457110 708098
741989 972620
44149 831531
281886 556146
249132 894677
779962 939794
950595 990290
357809 708066
33149 889036
249534 563725
587849 950859
118905 541058
436101 540750
807982 830019
860686 918700
454083 964870
647640 798543
786052 925675
549236 939543
127894 212578
835434 882816
886664 990347
642841 766541
611586 620116
177748 529667
18133 221967
462409 840659
447042 929483
32240 683516
356525 840050
957195 995092
170459 751666
310127 711992
608274 955996
652340 681550
437938 564851
878182 985990
113954 677978
798788 854537
484908 637371
22516 306207
538596 860671
69533 938264
524081 940426
763268 969046
583594 623309
512678 552947
568912 703896
118891 597508
638749 847880
968746 980179
486658 664166
901212 924681
110828 770651
134834 955557
964020 965751
431893 662090
813397 909273
96137 140474
775104 954478
985382 996071
809899 904779
925932 944527
983935 993585
403924 904900
140853 833934
136420 307713
640558 872272
875050 977532
165819 736643
63414 108160
315132 507075
635469 692899
141364 955055
410907 613200
54928 162248
148345 155689
879587 924774
489445 629919
499101 772382
575533 696034
391426 488349
842651 863622
30548 70442
107089 567755
81483 106555
703124 835131
719716 832036
752506 899025
632599 713795
517489 647192
556623 756965
965754 988875
43554 950222
519197 702916
657221 714419
135689 268119
747275 829520
2874 288017
66518 274383
786913 885262
622695 814568
825596 871081
423578 746472
794070 977789
412074 966126
819600 913681
767391 795621
466834 624746
938219 993056
549058 894655
219677 425541
511977 790233
753920 928450
225891 915353
497956 762269
155513 741634
634588 718262
784109 823832
680394 966258
674206 764930
647187 701782
809142 864054
943048 980210
791241 836269
782241 987036
742411 850084
108090 479250
633748 796767
662170 751132
304993 789223
35128 572679
175087 704487
495295 735699
140222 157043
391589 500375
795042 836993
581670 783582
568071 624427
325801 734689
805401 939628
694922 880338
749405 815249
18614 506411
409318 878112
598588 703733
432082 549014
950161 984356
919976 974419
978043 979803
525516 813650
917819 962621
545888 830300
845658 858901
17859 638714
405138 812381
23029 981323
174393 253777
282682 560721
115455 892789
727985 758479
998636 998670
378284 813318
857171 923676
308972 316135
300075 880640
541370 967290
997180 999889
66169 450762
55779 507023
704440 878285
263041 357213
927316 967697
329089 456308
360046 529462
322417 571206
752484 901106
73980 813486
948382 972045
695118 720905
909532 958012
546059 820832
773251 830347
611556 800064
464212 622811
245741 880591
504976 855670
802940 964349
220260 903437
668979 911382
35699 789052
631496 799019
182840 770871
55958 583690
166651 430122
695 801389
612638 753658
669265 920343
283973 681408
718849 832128
739741 851333
404512 839280
527236 968643
947766 985401
575747 657088
489199 863670
613525 636613
92469 388187
512634 632068
193606 567194
633633 893578
710735 786190
784691 979517
162216 217718
654402 775640
478887 495980
826451 966565
21654 740261
914443 920106
30006 782084
534814 777099
341904 620440
399363 630986
316826 909055
977907 988692
980940 984230
214173 254280
589469 670158
407338 469356
23486 443655
689753 961267
717581 975144
146125 691109
831428 832144
716232 846345
466068 885559
382503 803436
925205 950965
124530 175617
2210 133785
266355 616886
256693 302507
172326 418572
596443 900992
713233 724561
584247 752802
739187 930010
738922 820121
709531 896286
581761 856927
77301 617330
159442 741514
171999 789545
413632 570598
449440 641867
309369 439963
358298 997389
21819 645646
191404 661900
263633 917997
596052 797133
775680 963256
181969 433213
286631 768968
965511 999343
526155 839252
445195 649998
587597 637552
430790 932084
215853 562715
427339 468763
820733 925979
551705 634649
852846 966461
524026 855324
873248 978616
999086 999895
358272 966946
390482 740117
428417 853914
730207 762246
317982 449215
176772 478176
612136 699641
675176 781911
230575 963746
75727 946295
458208 901296
144112 284467
731577 843800
434749 558737
395681 545294
490879 716121
286097 603915
254544 592943
182891 471668
1265 790950
187913 499739
444230 949604
434650 839915
600020 614027
405912 678783
678532 697434
324215 726369
752605 827015
130974 769504
591788 969182
485090 746565
249122 506042
75640 475379
203228 602473
620621 717892
35514 157526
81012 768323
267566 994310
40565 918111
61433 526708
485207 737074
966125 982695
131602 606624
185000 393433
543629 823986
786245 871237
365102 920761
125949 170146
860129 991988
897258 908609
198537 444428
643434 887640
300073 384344
863190 978206
35187 125606
247194 587041
307016 374951
643912 829314
818937 895519
18841 101193
213615 351766
89636 371180
291451 602060
286232 356447
854285 879108
768331 961516
10687 109936
769397 779269
589659 848159
259346 563151
110898 995927
520231 573268
980884 981352
142522 284587
931007 937340
230014 695256
208668 412000
871085 902329
570631 734729
800663 870190
678388 769139
873939 925432
614915 896014
55926 227976
813310 901903
964364 993210
548073 849404
289886 347620
62135 299214
735698 841691
842639 872516
128710 967054
507310 567836
410384 656583
709924 815216
239362 504047
836322 895104
62070 900561
979252 995226
750156 994330
710772 906393
90635 995098
483652 821984
151707 192526
977584 991866
360780 907922
350473 431525
725523 958249
745475 911847
767131 896110
546326 619446
999018 999641
458644 612429
897397 948026
808049 831648
354893 644652
331402 828896
982171 993877
93289 277948
508434 807198
573010 703400
550875 688097
252598 990870
34384 107608
500178 662576
35779 639031
407417 999516
517314 983163
320763 604873
264266 526399
916593 976581
138601 977821
424169 773321
95558 908090
108045 320853
454209 574862
335460 371111
846225 874419
440970 618737
417828 904807
977606 996602
844451 881258
292995 829027
619560 939601
642101 762813
725285 933919
363739 443131
458004 657562
925904 933113
508993 535289
401420 934327
907619 975330
605484 824129
982150 995576
103085 551802
354402 402293
403928 447855
244239 524888
60654 228768
642052 718954
262324 493784
533976 847873
571931 933316
157291 953660
517503 824851
826408 908476
341852 416316
628975 947535
327167 559256
90252 616474
981055 984500
295708 688373
97159 870377
113301 860395
392089 780693
857789 957227
797245 929066
383298 426282
75990 413493
85840 483313
456547 898998
251858 710704
566198 786440
775306 970900
268774 547609
276373 325195
660988 749853
75371 572432
298725 859568
784325 941098
39723 890956
95303 720603
700484 781527
523771 994173
931253 951670
195566 864387
606111 962126
29129 850230
52809 824289
12120 863388
113822 295395
659874 906741
72848 850041
298903 650982
647749 831134
103492 281379
767068 785393
726233 831612
331929 364094
877709 979793
680247 705128
719410 812338
553542 729423
748666 823999
569374 732531
840113 976937
927796 992332
295564 863459
390892 750680
985274 985896
886262 954229
635292 901159
802984 864473
801843 949321
862018 927597
962289 968118
447886 791439
272328 586453
96058 761090
888327 992820
46494 919843
711519 948365
54951 176404
899747 931371
7611 707426
15337 345648
427265 811352
31991 839269
453780 458540
414616 538157
594321 849995
901324 905627
287390 545180
969761 997312
809371 884434
955770 969952
938402 986666
664098 844988
797362 885049
814542 868160
328297 642113
330220 987589
851649 962988
880796 894497
393013 495459
757215 965057
147292 991173
25833 427148
50071 734480
179732 632181
339895 550649
894505 995080
247218 755935
717572 980534
325385 831649
689156 846756
509082 810993
76841 887140
637121 648078
498325 736691
355059 723972
957674 989549
605731 797548
14731 347220
186282 955835
808108 839246
73605 756556
922945 966361
269244 284254
446788 480915
522171 552166
196893 766511
348256 743008
292350 678439
187270 344343
801038 902462
360456 984677
548891 841077
484212 490770
193711 935153
472447 653657
960484 966190
148648 803439
59930 899832
49902 335900
132344 892978
318527 964224
653950 757805
850893 854305
855573 982876
724507 876500
512207 949753
323662 534420
483750 976780
469377 703585
680101 954895
8619 954357
453517 736913
335867 411569
202920 503464
266761 921751
379026 394003
660221 806908
514030 656241
207726 524183
327601 895559
796717 843921
767549 836735
863579 950057
398832 868750
782868 802404
657722 727063
597972 876865
437505 887741
164975 171442
335415 981525
51515 334896
248719 877146
548601 918002
426204 858767
194809 712319
129374 612810
987401 994848
476730 718340
452330 982026
528335 721629
775833 820247
53154 758906
880721 958243
238923 312098
771428 781233
75860 405383
219175 942372
158436 661151
158067 243462
228537 961743
263793 275216
942410 967871
468778 870270
695972 784423
649645 854460
321509 637975
481198 764464
678372 706126
126417 982686
769103 773512
955786 973291
949153 999901
683814 797580
262524 829860
251870 502036
59152 461300
546002 645532
450528 591211
930671 998481
565222 846254
574723 930527
855319 912552
566124 794323
855245 938695
983939 990763
658431 728313
570190 966750
295739 983428
162031 289128
806149 939107
798515 837992
782810 988088
301344 624647
783100 968463
37893 145012
303047 985287
639674 803338
760710 893807
314789 564934
115151 851997
987487 989833
366042 675045
391176 572822
746591 975406
379978 686098
817267 857826
649458 933830
711041 738669
859274 965936
576373 884645
317712 898542
918100 931615
411540 941983
973627 985351
302185 729313
318314 841087
953704 966310
519089 718991
63799 568685
886608 940333
358016 365152
23123 160319
431699 448509
618491 643897
906973 927455
302549 789083
51180 650772
856384 928457
988263 996477
109332 111413
437807 520541
100366 238360
359224 781887
174542 711483
284306 787249
844509 996597
812174 929432
29144 967402
384546 630713
783239 999612
821795 991762
925769 966908
548832 764118
388328 907353
889848 935110
836280 995206
257081 798585
322710 367592
34703 117825
332182 373520
97773 432383
353802 762770
907766 941328
676246 795278
420307 856379
182872 704364
323835 584803
729498 780399
554347 924508
708332 986497
409190 883682
966304 997548
837172 972046
774348 893740
121785 365734
640046 732224
688410 907643
452139 754282
818491 849492
342323 912235
723103 815056
795680 904630
470827 615396
577917 604999
838811 936534
142972 504621
98111 986688
978828 981206
856990 857714
552619 913233
164285 252770
751630 801931
38461 573775
164626 542773
185802 289409
441206 793820
821369 975103
406325 977805
910486 995531
988160 997880
196333 796801
89329 714100
373332 477206
529571 544097
380317 898756
567282 920755
898158 962203
41542 973693
606763 738496
933249 936849
262110 929281
995010 997106
525050 562613
663376 803570
358116 808286
928481 996315
640197 658997
380214 990493
233763 739929
622327 643453
879681 965417
637567 817749
440178 943764
820672 963438
237591 834459
812923 874704
297216 805225
985351 989936
495317 772446
646886 851547
827223 867266
328601 510686
279426 597046
716071 996264
273141 412631
405487 962125
9946 454590
480457 789342
325472 775668
596511 881980
523455 598651
526981 830832
310778 760109
943546 967985
411153 460547
578369 874385
896784 922487
589007 758296
569235 786500
323918 605471
220350 251850
195208 308066
911942 946960
259782 887180
314081 717511
494357 718433
274833 515748
193174 642423
944375 946630
311470 514108
820337 903791
503599 721976
125295 684816
955577 956937
260746 818415
324461 364977
824012 929537
432488 649740
710707 826735
496520 706592
869483 975516
299950 785119
550092 953283
830284 869138
591068 671942
271727 773687
245620 538989
725108 793852
359273 934030
583486 876882
896414 941429
113816 756457
962719 978834
507720 994821
45883 235301
941505 985570
465734 574495
382110 552934
390502 697928
115503 154522
815827 901306
218473 874799
150999 539639
415880 978191
605922 943149
582212 628126
757319 759002
429124 788964
242158 323520
256455 732106
177666 245469
624384 799846
7986 49603
999884 999942
71537 625101
291378 754819
265891 557821
188385 959560
692748 818045
359534 575595
653424 903653
993473 997439
407498 808742
680385 813882
959910 998889
50362 61914
292591 771402
480963 491998
708596 976748
583842 743530
429841 744742
341072 723735
126436 473849
983944 998956
115670 224778
837934 958941
867207 961700
117200 393714
902504 937084
703345 795629
843257 897849
556207 878656
580226 674539
851766 898872
651279 973557
29877 823808
6129 533224
723198 837097
384909 801324
176876 504323
109087 649263
27856 422090
81419 320250
908005 942277
211608 427888
349480 405573
767087 815498
485636 985004
59911 324313
788680 842962
427217 987206
498442 835195
984173 992843
545844 591399
803641 888265
253358 934111
436904 802406
642362 887143
946600 974265
299197 463564
11317 680164
115439 172588
20221 536889
717073 854823
838987 936821
169008 349411
256220 348200
1506 265284
679168 891488
589233 709096
704817 786374
979384 993276
539271 543756
446610 980245
987565 994145
663518 876568
227964 364347
946267 956509
992020 992968
498465 506332
24099 847260
417546 809706
132968 640194
732072 811626
781025 857302
604993 848554
652279 830079
491751 537238
123796 242751
890799 919683
169655 725369
904459 907367
322235 465376
788819 951979
549854 890293
185105 934445
928882 946993
205864 573387
168728 867932
159327 969058
865730 914808
401037 408171
531927 891645
287517 535787
89622 848851
750348 767541
749391 859196
263755 702063
697763 796028
485361 571354
582384 843978
522471 686390
426842 638912
268847 768469
286333 315563
587579 697141
639575 807765
609162 808697
969181 976423
311283 853173
319563 355881
292916 991580
912460 995797
21847 755403
35314 449351
619866 904040
388954 484351
47022 947494
451720 611363
523234 975058
653970 889047
309525 965870
230248 701273
815252 845898
130932 909841
997831 998390
879171 982484
907933 923625
585142 720069
191738 961639
163292 396527
373968 872109
746148 949622
457264 791062
251232 338077
658771 995995
202306 649428
129511 498655
850854 927772
935800 974238
73252 348595
257058 871977
720180 958892
325807 794600
467051 952586
587377 809712
250619 633509
934679 937606
75122 781485
750609 880649
291594 692767
883119 976017
928568 999339
493278 647050
682496 974810
771067 859635
853625 916060
486673 624651
323031 402758
268973 961224
121562 470669
16347 410021
627538 845496
852793 897577
705389 729486
980643 999656
561810 682774
465068 907017
596686 834982
596214 887982
278018 903759
976181 987698
672091 882770
390591 419525
492570 872433
988109 993997
819045 858650
996198 998998
772240 994367
384114 705797
684159 926448
865522 886004
851995 931770
130122 135288
49375 95982
5769 220409
267651 795089
56499 868556
314591 804773
785363 871855
416971 579871
260232 356110
15605 485253
937 370757
278966 665208
377169 606048
600447 880123
138262 574506
427613 791719
924279 931533
342679 778027
621578 873413
490082 505006
98903 395071
367189 731426
334387 759163
101590 342156
339048 353056
433449 598314
748475 985380
155530 212714
636527 933120
800512 979725
710229 798795
51898 184025
513994 543454
417151 965928
176688 180181
355074 757777
281318 406678
578167 973282
226234 942910
5136 275718
789448 876190
358375 653936
346891 473571
812550 947810
750648 944693
674813 836038
173479 701579
326248 524091
577305 581164
105055 184880
319916 797368
721424 791038
747631 752365
990110 995662
430386 798532
702137 977338
602734 934271
645357 709982
20969 180353
671433 690288
866396 993174
992994 994041
360871 993064
850805 936676
421722 874623
137014 958632
885011 981687
134737 924415
228793 832950
728838 969680
773427 874333
24068 37237
849629 969101
908006 992917
737442 932924
605368 615092
652348 961169
50003 326760
676244 733460
97392 786888
663488 890077
261941 270891
779933 905174
662771 960504
195271 945553
570775 942706
102906 502474
198255 405895
927896 993769
484996 614810
690818 930261
553923 908293
583729 842689
222576 460777
500124 650090
434513 610131
73110 105154
333691 914959
52673 67815
839757 981547
54500 335102
933229 958916
678680 989755
329310 677777
228910 545456
560793 841698
901749 968138
552776 856894
275302 517077
627498 982385
290085 299800
888681 998401
435970 515810
704928 929296
164811 992193
749007 814704
708160 719367
605564 931840
271929 545741
684688 948739
282670 392158
643129 927667
994161 994650
210540 697979
578221 622975
119233 121646
185936 910571
629217 778349
163982 416614
461787 948199
542794 832354
578257 600915
667286 990344
533575 572460
509616 691604
169864 232556
49589 544647
509192 953521
429351 849964
534138 988423
50202 240236
369759 396401
958146 985901
506102 843976
68092 968623
665700 865326
84105 720626
523991 972960
320079 386415
93445 255604
613090 951782
866643 939345
77324 365589
818054 896201
668860 925977
638716 965823
500380 912876
844660 900287
269916 676952
786110 940551
233876 473825
567646 864114
721664 744627
847153 861187
468874 537892
537004 864007
950955 974478
810667 884328
588513 750495
483378 848136
747991 821739
145803 364718
776315 826888
828943 999885
577315 781852
591204 724615
835068 987595
777586 890629
674686 964779
556445 998215
31292 835386
175160 439237
510987 557367
50368 376705
20097 175859
864572 977108
690380 971147
309392 780539
223212 706586
706373 778124
612123 923100
917573 958606
96999 523882
996144 998403
791371 793998
348204 453359
739057 966076
479707 660431
879381 907011
955685 966654
357780 384004
207317 305153
550012 789013
809082 977956
914161 951232
894228 957680
799518 925692
608304 984606
876798 930001
329117 554855
556396 605398
406083 631628
425948 895440
193347 679324
476882 911694
958333 992016
74698 256303
421634 643907
51434 818122
380989 910907
231994 542542
489607 779374
757060 967177
321239 662746
269176 820220
469856 671805
475360 646271
427292 750924
687669 914637
791435 943198
866777 986349
940420 968280
642857 909161
645314 960996
315622 496089
309863 840539
462059 646699
958311 973073
590227 618698
58311 112444
224309 907137
323380 871865
983842 993204
389923 457390
549042 816416
127008 996021
459934 798907
986220 996471
789823 879839
679834 711532
563540 809219
253119 859796
502905 521913
399693 458381
538114 886081
292214 752637
253909 442706
524416 534876
142109 662503
981046 983526
710061 956418
116356 392495
898851 951420
586373 613257
286465 987242
677393 867325
564537 774480
7002 77301
937599 992974
570641 933902
187466 343916
141906 232136
730384 903276
478088 588188
102909 496225
495712 879456
55838 724917
894302 900023
602150 716221
864034 943035
159848 996645
754074 839625
310871 666273
702189 850711
627242 991457
317848 464823
479582 564066
773715 862040
18226 502270
46115 537203
965119 980098
852770 895677
99324 400432
707234 830560
606008 786174
594313 686044
826687 852546
505480 820365
438042 605630
130086 321605
137631 164161
365732 408830
445486 726398
750418 970885
563547 647043
338045 482614
601864 893477
17291 625040
66148 878470
904280 973261
81127 412041
141140 892850
959363 961283
193908 516993
674968 687561
730343 933408
648811 964540
850298 894623
168115 734256
767826 969861
102811 334709
514297 911575
49274 387078
703955 709419
462842 954903
340662 808203
492775 710979
259026 721423
589523 628844
868813 869832
57821 111227
729896 849489
372361 833458
140534 541785
525833 716696
490670 616396
61929 374145
16235 996104
215537 895762
374800 378788
633743 903821
868915 935961
349567 533393
859727 869216
582749 909199
265790 967697
151673 640314
2828 212819
413707 464896
545590 839656
569833 879011
883889 895554
95796 298059
972819 991436
949137 975683
432509 935668
400109 695868
299467 366512
648128 873327
16734 99071
447770 674265
947109 977517
98115 124558
952168 982607
960279 974939
219569 276882
924719 973031
453732 511900
907782 986042
774107 926166
437707 807472
670921 880391
805526 908327
845291 912357
361458 675971
315077 960040
119850 377821
336603 567425
439262 890345
662176 891809
57513 399454
951817 983105
729605 991925
681687 873021
510775 763984
12880 216756
166564 706525
775248 967779
878985 977799
800258 846077
841865 932175
378722 548129
29158 151756
823304 876177
585999 650827
557876 718443
814980 830013
540859 915673
683159 870992
914333 949706
509062 695179
117929 442157
569587 836851
814688 903282
110529 283354
110741 151180
452979 619214
663986 715999
474494 485319
58141 349208
457650 601197
36397 150233
387053 940521
259523 691707
889595 901070
101904 357635
666826 875044
189282 732070
150108 761755
465702 831292
220398 283687
10412 637153
290931 915771
730124 852838
896705 909216
771247 985150
828959 841217
807939 908042
146414 713050
63070 525965
249441 470275
569089 771582
290471 826803
80887 386084
57293 589776
935410 945943
485580 783538
491869 523220
172307 702550
11904 273205
503494 746205
993338 994818
973657 994725
253207 708315
446982 677484
31837 725078
390462 682473
809561 933886
516010 953723
272104 829451
868950 887611
780647 802606
66448 980847
461803 492598
598754 807148
408466 703425
456446 720345
433115 945529
563890 851011
86425 866115
219752 610334
958744 984449
752258 968902
502964 967808
716939 756602
509565 698797
880799 973742
274380 786229
610294 809732
680404 858561
47825 89166
762531 961827
213109 940211
148840 805908
343057 627198
541941 952041
698325 772394
331518 409173
666919 992078
587072 683149
449347 533511
720161 881382
426427 837335
51322 68719
676570 959819
478105 739730
440770 749717
601178 909864
357055 511847
621702 629717
189258 342937
983896 993889
521926 583912
856522 925525
537337 989740
299403 321961
819633 839533
610853 912104
968398 978272
255462 435203
863663 897352
481935 608818
938741 976369
522631 619370
374597 691512
683012 772537
841441 998828
382531 549536
39242 747284
853954 958609
177821 296392
960604 985463
998814 999989
985412 997248
686887 922754
937376 966161
231491 669302
206004 254225
374824 852749
210790 351458
387135 447279
758029 776469
385109 733043
840474 930647
511231 711484
974394 983707
957873 968095
378670 479592
506556 550993
158890 929860
453828 463065
184986 664893
105719 447642
326083 872138
97277 468145
949274 987332
88456 310102
755246 881791
255990 689139
265757 484781
535259 707013
662289 959036
537503 751918
751309 819301
883527 946066
855226 933824
779449 824537
511236 727605
48190 247619
486496 718917
475884 788139
195750 877414
783989 891857
527700 684223
171720 775238
337749 634078
899823 941292
869806 955446
816426 990553
147668 731633
561210 776710
445949 632616
695966 766045
521078 636794
515815 971655
488481 706286
960260 990305
783075 981478
304243 386999
9259 357226
980714 981221
395726 399312
762729 803700
194336 251097
419838 795303
682077 751177
234315 349330
629299 856966
260222 675304
782994 971663
85009 721045
271867 944164
778131 899172
352059 850545
504152 720598
756582 805671
59532 968214
512422 849160
442670 632815
841332 975432
697877 833841
524066 648031
70748 920465
893189 927944
72213 179261
671609 794868
130360 620235
59002 813645
696696 929629
166630 292303
953767 979958
608758 839485
406707 599520
896690 942179
198324 262822
372077 825372
685626 948933
340619 557422
707250 996941
590725 678862
109661 309419
247564 558542
190153 381193
122535 970518
509248 902422
886113 942832
842452 978480
621750 815462
945172 993370
734917 916545
299489 974458
893371 928843
761090 791580
818694 864877
406979 482151
332765 633688
744397 907128
83562 527727
297399 897461
317488 831582
105029 252791
461264 982693
973849 993724
874446 913713
324290 483943
942338 978296
383999 966364
713378 851315
303494 489152
270575 722489
779053 810246
656840 744076
488168 742201
459307 871025
536152 778025
4737 366254
925433 975082
868797 993054
394577 443345
605562 943102
552400 909306
150627 367745
32044 993927
860633 880743
497165 991608
289815 412657
431382 912048
938961 984694
513970 997353
35017 565988
364357 658287
335505 567711
133415 305316
137053 854087
620921 822993
531186 995614
971248 983805
199508 804773
456408 884345
395063 401289
939016 957849
519276 761211
900424 936924
40769 78088
296257 417780
960572 970821
411179 473776
598891 829018
355493 798454
464254 675123
710802 771206
109041 755376
74123 81502
900041 958957
823635 936345
626595 629830
789777 849714
250911 562501
234988 515843
440861 988217
719387 881638
87682 456810
987498 990881
223998 628647
198305 797594
118002 600766
194890 791818
60136 384430
283605 788954
493737 892941
68298 355519
743923 881748
76841 224297
549007 836356
824826 923358
141067 228743
909964 976379
93758 340681
230734 383166
774404 902697
754829 967127
639662 925163
392011 649640
947189 957578
546909 548407
14301 729990
169261 194300
360168 694009
684261 979710
165146 924326
210059 808799
576710 809404
211604 236247
32046 152435
317331 611711
542104 723815
530596 824410
354252 472849
33483 349048
66554 857931
286496 342789
716403 879195
714353 973645
349108 808537
429375 918008
239272 561910
237364 604496
241986 496083
987798 994092
332729 509100
692271 951482
764346 963829
91927 889619
77286 584529
693692 876096
423977 531866
115118 310033
589174 956515
184166 579672
613527 646246
124207 909868
526388 860838
118374 954600
693923 898708
987531 995429
326640 932619
664141 727260
64150 327621
512137 684756
376861 438733
916641 974172
720446 914053
395954 464342
160724 369428
414344 478282
173863 192102
192830 910886
952788 996684
97098 176443
224394 922257
772487 851791
294486 762496
774595 825651
61086 296970
879915 912072
720873 932156
699907 785909
720463 740335
925804 944004
280607 786875
323856 716514
952378 987598
763847 868999
919548 995025
983851 989173
410003 634645
696528 739076
389183 720956
279439 342405
753725 808628
70011 807310
228581 978796
145467 896981
603362 952985
914415 964119
220419 560068
764204 779360
971087 984861
205852 896772
199870 234251
691736 920076
774941 925288
824313 899234
918729 938616
762467 820942
77890 620973
70165 486304
585855 731418
387569 393459
595858 637671
310979 560068
479359 680955
286076 367744
837128 946064
880259 969362
576083 917008
865284 869139
339003 736851
193631 985838
547490 608370
998229 998353
107050 408148
932627 981559
495155 532874
382443 386577
391922 440141
449321 975622
475260 901180
322390 408047
210760 494325
947460 948666
112231 285164
88632 285390
113764 471289
861814 934807
153434 940273
516366 525425
320919 491494
879800 942280
252044 948985
353116 479711
132692 308533
113260 266363
302898 680487
771025 913325
994960 995107
737084 879369
484810 866576
599085 624278
473864 755585
888570 967573
997942 998572
64984 639451
609659 921793
756354 836119
133377 806302
807269 863212
908003 936989
207049 387153
230470 360902
653873 865204
601862 922768
638137 919774
478158 926332
438204 660217
159203 721642
569699 660586
491020 641585
892360 997271
415377 722077
664153 698139
871847 963483
401120 943501
769859 780401
822919 889817
956101 958874
846801 871366
929072 933025
539580 877766
858324 953678
594005 985236
930613 987233
634154 882060
635505 969709
569319 644607
819722 934055
895210 910321
537786 711541
611175 839433
827222 918373
852955 990770
241024 774895
415243 742611
195156 436236
317828 493599
719917 827375
723081 999095
860710 918334
97134 724046
974027 978024
415417 523931
766771 946310
24338 519895
101710 234170
264415 482574
316592 784360
353414 928101
711177 922890
231717 786791
179980 317853
538814 837316
896326 897938
593137 667346
832852 833205
690883 899534
863787 979398
11742 954599
916626 999119
347205 927505
437197 533087
474557 764008
323252 621526
805701 917731
288503 433714
528777 763186
37938 335136
434978 674301
449111 501149
322783 644290
917999 984858
783328 790754
987896 996254
13409 826368
800204 967624
57871 802964
257663 729269
79189 560653
847503 974602
829331 896449
160042 281857
248088 431796
549040 825097
989037 998190
979335 992491
713194 930585
181194 270991
223247 600269
959381 982513
207446 420696
925452 936204
993085 998906
695231 748226
479924 559223
835557 976619
332572 583443
705448 843279
863220 985803
136118 577674
612452 636024
924148 972961
473203 747380
263996 632796
154176 668885
276543 595872
106542 684308
780115 820861
519238 819824
543669 770690
303710 595798
935766 995492
764662 942406
562104 864870
198947 836048
52266 280530
642624 890395
529179 913812
927604 941904
32704 808195
919737 964312
457762 946834
194441 211233
738324 744475
210714 378611
627092 775376
599257 881648
614717 700882
338828 995395
501010 666465
495872 810234
748178 907842
138393 244075
297748 478060
292277 802755
827154 872169
739092 868359
653728 703637
625443 886459
258082 621170
596841 633468
908525 984825
575141 889374
4041 206193
103034 651619
940756 981178
842558 909431
256905 753984
460915 731343
629704 818312
707773 717154
818724 913862
137093 667759
392832 716266
788562 962544
864356 864512
821601 995937
690291 887537
55260 101333
287696 961567
863835 951840
19375 985093
512599 761250
573340 664533
544436 552023
156090 970550
586233 617564
724515 911102
332076 464302
79837 902618
144386 712100
238750 575474
810426 915381
903473 962682
319074 362349
555645 777877
994278 995479
501886 514135
36659 287645
678490 842529
735903 746892
291075 951763
767830 862139
421822 576986
852536 998159
875773 958276
303484 625682
150467 688670
534817 978810
493865 523722
692101 767582
862137 990198
446072 868402
180858 887200
329206 625292
472884 715925
65371 554312
180277 662663
920606 992704
721589 922706
556579 968267
419595 718482
389175 577291
657495 873278
152893 305099
130406 960009
191630 694184
918341 943941
354660 892827
879393 882764
597062 922135
768116 850812
329981 969680
416315 434950
790700 879098
385828 755433
254816 797233
502725 822938
737802 910349
983101 984409
183722 919619
333096 948627
416527 734029
135606 827817
795757 877773
22937 724554
659692 731743
343980 481162
750176 800274
739030 942067
694963 751848
901091 998719
852449 944099
290451 799846
299609 957498
417380 436051
657007 845923
151283 774430
751120 832953
892064 968512
309938 318844
261685 718458
600807 703714
865704 941100
543242 596954
907418 996844
196607 858954
586549 821030
908815 952811
911456 921811
868993 972672
485255 845272
194145 791307
864253 870691
86863 348518
195061 734298
817819 920108
442449 775852
846191 909251
592655 755670
537147 827652
930061 954948
652006 865873
351057 938306
436745 664459
721278 971130
164953 240128
932621 989298
262089 549434
719653 732246
56268 896702
293229 617557
921337 927225
834998 895811
862415 881344
129245 146958
206352 387344
777131 981270
441506 766042
621859 784445
329437 989189
700900 988434
406213 940468
363760 374865
721216 813090
462853 764650
944338 971916
940002 996091
113277 371199
873419 995219
935815 989909
352722 740665
92915 379030
74224 565850
288965 533453
465580 585639
816473 986459
869046 900280
947812 958898
441291 600626
540507 847856
636166 924844
35206 886571
463679 606451
643762 757734
764892 924441
193509 869926
922165 977294
179870 971010
350005 389221
551389 690006
2587 502649
759493 825525
987931 989438
494650 916007
334962 713660
508649 707965
38712 543598
115120 398647
609034 763630
662894 814711
354796 358929
141017 733210
501820 616466
906286 943934
505919 544974
454435 620724
887650 967778
869661 930928
165862 552178
884698 902293
770858 987493
116342 151867
852819 878752
81306 859460
700294 940300
363109 555194
91598 872200
199675 432170
351777 727080
812110 863758
160752 231329
125318 282900
548474 741434
760010 921452
9144 234151
809931 922710
961042 985253
315784 512100
746119 969995
267478 893436
522151 636596
716562 873977
276284 619190
293677 770928
683249 945350
883282 905036
840492 948560
586950 693018
422740 626212
263134 443074
164753 175252
712668 754690
167209 196906
604744 975672
682017 795058
410882 986000
357764 788886
36757 191126
634424 990871
283572 611457
223982 464449
635246 853397
950357 952514
529468 619508
831787 956586
522409 642622
679995 792393
205787 873278
282626 817090
155833 878790
34425 772357
262089 592894
700828 982870
138481 571557
681304 743739
150396 623041
16796 740541
774212 949887
40321 358961
686136 722220
40062 890354
439531 835187
464428 696664
991400 998018
426747 453090
785454 798261
724280 961310
249157 941018
619748 681606
642387 966008
65731 947400
174213 970949
256517 922377
496631 878712
396874 543597
341698 699341
4802 930059
859547 913557
960194 983057
977611 990497
372146 753699
678006 880247
514090 642826
732970 755369
48418 668362
495493 509928
597979 843476
445225 556562
659529 875716
328466 684096
182241 376950
188103 208121
176827 504428
705637 967181
17914 635330
559381 560947
894708 966621
441392 944162
679439 770533
239303 253898
214235 419457
54609 420782
993556 997677
291445 370115
688760 968642
16277 810706
272851 668217
263001 670904
276895 424956
463238 704344
281283 829975
943609 992578
448231 556413
989947 998565
412991 888819
826521 879717
818829 989909
46472 950436
757618 919368
576817 781308
647643 962321
328048 331454
105531 526259
449938 864090
230954 631852
585275 662924
118641 417489
61157 918554
160802 364581
237633 335919
329273 362880
267282 665493
521078 543795
366282 574730
948420 995075
751739 881371
727192 883685
523572 813294
21367 549765
49096 388015
185611 997719
824808 869594
216903 626579
605509 880089
336309 818304
347604 703457
242617 358361
272617 792918
113803 810070
461697 582069
358920 524707
229995 913776
367797 383475
477750 543584
977354 980933
193301 738301
844841 935803
830745 979769
35393 712633
375050 663453
382293 992381
459377 997286
92113 516358
171635 339136
199316 250117
835458 844492
15351 644574
122643 681550
58850 742558
41922 744211
410840 841158
583236 681182
925742 942222
661136 830462
415668 888986
532929 875724
395794 933076
168814 181561
715469 963667
707762 919037
423699 618354
230584 939636
592430 914042
534381 764503
855948 911725
351457 571555
665001 673279
983867 999239
56922 399010
724512 896017
555939 905534
141636 665700
861292 917442
829689 857362
324681 994864
658996 926994
887321 897683
931171 968057
267632 383062
185115 255600
584445 739071
298648 656029
811577 847227
393694 685148
530450 627238
101839 822170
981536 992251
958762 961462
581801 701553
556449 819850
607069 950180
47301 457020
612206 801557
821814 910532
839422 852523
37991 547233
701032 823338
777711 853162
246473 694393
328602 906613
37436 44756
193912 431801
994180 998487
173726 561104
833221 977708
992859 995588
448314 602721
539635 697912
417957 512934
363635 621339
170458 186602
575247 829281
169082 559919
721606 774176
155983 187969
920943 947802
34743 761148
353473 809120
426715 459191
361176 724648
303127 874163
245324 323062
661289 812179
628229 785017
943480 968653
947841 983758
244738 754202
539845 854138
42232 913679
144760 993152
266969 577203
574708 682201
816255 924321
345269 580871
400667 831563
379940 420033
912771 948185
341039 406424
613828 916577
239995 472029
430844 887379
390797 982229
631766 696057
221895 318383
927107 982707
789105 830123
182174 744344
696249 834831
210863 818449
420303 597350
850058 929558
170781 452723
260245 917410
968132 995360
92649 643132
781321 930148
866756 884092
695823 724383
29542 175328
65139 414325
331449 450015
820918 980795
667729 772772
917838 978766
986558 995119
753428 952701
789272 881391
930023 934776
776542 783552
165543 520191
724947 729894
780177 823507
140151 664552
760185 851898
414082 966318
897818 989229
40660 87727
696567 700413
245085 589527
520532 526232
838769 934889
540869 925193
120048 934146
652451 911557
914145 944415
760423 966079
964631 973019
543443 559857
994518 996023
567792 683724
336354 503250
845623 888721
122291 330737
478285 722577
805497 915483
911437 915270
39402 272666
723629 779769
635414 889143
700536 930633
235221 510472
561692 693841
633188 659681
385603 851778
432740 651997
620296 644980
381654 541372
748147 756840
367110 417280
349056 503303
611464 797407
474971 644607
402481 586131
95520 482587
316100 594123
937258 939594
275703 603434
558117 754457
256975 999448
193825 340098
751095 867061
161268 665873
5211 565109
913842 959815
169574 733657
716625 772832
487344 902094
141480 434120
953409 971742
228421 256022
907934 986316
737771 794277
287457 744728
963136 963881
138560 226294
601866 678895
158737 705521
588527 872630
557336 781856
818927 975228
822366 979954
169946 433560
151098 237557
621190 751337
116079 523973
931978 991891
538956 888040
861161 946565
192502 865010
192886 916359
254040 879555
758944 933717
240391 721434
39226 217392
688035 836527
660946 765993
496680 985991
356466 812378
806856 926560
31536 501319
731275 824620
601753 949838
681890 842984
116102 807307
984888 999825
458014 823528
827490 877077
34650 316390
537811 976765
171971 467148
775151 839681
152252 224914
804835 980302
875910 995576
401238 863466
74134 351717
806079 852832
974184 984469
113026 291545
447938 900072
853443 947331
156893 832947
440136 856614
470999 854271
100076 577714
443862 753284
534004 634470
861235 933929
312438 679974
808330 842338
155020 303505
951563 996656
927570 971776
889190 937668
706578 854762
909094 909424
327929 510931
466607 513267
187245 342537
693112 697490
237486 387858
111560 507049
165996 712625
154502 720567
688554 803629
982554 994607
381907 400704
632056 813103
336389 906245
839958 913860
338005 381779
199571 355360
532116 579693
373304 639084
26947 89731
291405 983896
791269 852991
940939 979427
751636 755451
125325 675364
609326 859592
187361 286920
473066 670386
454242 901808
902285 999982
594835 629447
919480 986641
809112 973024
616683 922058
552719 763192
211736 657481
971471 991925
954897 976355
766128 944197
934040 992247
311594 597206
623404 891355
967721 971698
628600 737595
153755 926341
442393 763636
954371 985517
934743 961418
680323 803553
806093 867733
942207 995484
415533 840662
909176 940026
358256 735309
907138 923290
874973 883080
204885 275134
880422 905574
951872 999786
455225 926208
898284 952814
308483 317260
424156 905926
619933 852404
143136 401753
843010 994081
580693 861246
360631 638241
953849 988516
546881 576637
346350 757248
760811 827004
65264 451697
701163 784367
691486 905129
252144 387080
893261 931846
736389 752894
490590 875113
298892 984089
444390 681882
361882 672205
293257 736486
142700 534329
681096 883757
585413 594788
547247 614772
383257 429151
705624 842140
101815 109261
577243 728132
547997 783962
95338 817172
243360 540509
753035 840197
46585 340972
164008 218551
807292 860439
257868 747037
925883 931432
358832 955735
451854 513577
809867 903063
879991 880972
493642 970575
66867 800813
761948 959285
316072 578502
391538 620639
411988 431329
866434 871276
155422 624410
673805 953243
71455 295913
277643 819479
812748 871225
490775 850284
341146 357916
277520 943602
669762 769655
930937 982421
829108 864457
548828 664388
627665 718209
383065 869683
322335 697952
502026 809145
938669 942106
43894 865346
244381 653691
926996 937928
472760 574933
252260 679320
643239 789856
138715 158709
528104 792224
24293 697764
597255 601718
738066 805949
518913 584931
440949 908742
66621 214164
899619 905769
718576 742160
16777 996768
968177 991200
839747 904987
975043 979143
464723 733393
599617 851340
954553 990956
91582 567047
3064 912214
871931 969724
230645 876277
220544 511617
897994 967572
537073 939153
158935 401552
829754 859206
339399 692127
573539 587769
392818 862874
902225 939698
815617 893907
319325 768899
602770 649933
52459 711986
821027 997776
821008 860467
975711 977436
900967 998550
321480 368025
849086 992678
738740 810327
101597 918847
660819 879632
613730 987775
355527 711843
26772 429844
214440 450916
559695 957125
978997 999062
464311 965667
52698 391945
749425 782028
924649 937683
554366 932643
781121 799720
288155 855084
811787 985180
23615 183735
411198 687178
762971 814482
397201 785725
971407 990878
317982 697923
690818 920681
123042 548610
182827 221318
331107 679535
176194 665622
64182 890660
159669 944052
613685 869418
5817 239773
50433 370420
909961 974768
385329 702973
905287 988121
358388 479154
772476 953863
316738 940171
387380 911590
118227 703458
926325 978966
212559 985371
725279 735291
522703 766933
842237 984790
337251 821596
570516 705082
319052 855418
954325 974955
132209 400645
661462 844042
294090 652364
814858 985295
130763 442356
540654 626026
74958 223656
248787 914499
145398 788770
589484 879954
101323 703173
863938 871597
31070 347745
132008 354998
788109 793134
837189 849820
216578 319735
134608 262259
502194 954272
510298 949792
993775 996165
78857 584540
134358 770448
910483 944480
92239 822739
507860 680600
948578 986442
782186 942341
256311 329988
788701 943115
84883 768922
785146 949393
689260 827127
150978 828947
417050 641279
532387 575594
195032 260634
978528 989962
909291 972567
384516 949887
207753 498897
428996 924168
957096 999137
802667 909577
738287 984834
552013 846367
407861 813727
981491 986640
244774 387471
514718 710168
844127 954374
832129 919413
855609 918646
766362 852918
421011 424618
669305 961265
168779 840906
654768 788691
861294 908764
797276 921186
772430 951439
249659 309889
342010 351179
97023 711370
228426 320711
53889 437028
142402 473821
207158 320668
843638 985087
944286 970145
300263 813201
846292 941716
211559 594726
280745 285810
147827 843769
743295 902083
271603 344439
939826 978696
576326 879373
749977 881220
44831 715711
147577 890959
935343 945047
349146 457860
247442 679693
954661 984951
510372 827212
876648 953375
191027 799168
266553 551963
917771 954140
516962 552255
469608 486352
759544 869452
867826 955025
480337 816883
903579 955467
339881 777892
76353 622517
290134 325721
458821 808170
479470 822837
615718 620059
317511 939580
996060 996384
830103 857599
815863 853665
712559 829172
224131 896111
344280 811003
249944 699226
685654 853102
757210 836361
390502 656689
956797 993117
409473 827303
720717 824656
69882 742942
91875 873684
110251 349583
429348 506872
280015 667613
960889 990522
529848 749701
642088 941240
766195 794419
780466 978682
963211 970614
97431 339660
360745 647473
41609 574804
409777 516829
417614 565881
283709 309709
960824 962510
54592 57322
100868 473649
330469 573733
760669 811485
843617 866309
754778 758087
360080 992833
593127 719878
402195 841137
265304 668429
385847 865077
454029 843222
833133 892027
325820 509404
545193 862552
534440 744250
511439 648381
95595 933439
639794 764639
401871 566696
686821 716629
60154 569463
308803 768342
315242 973742
378692 470644
361414 462665
811420 829390
550533 736432
71651 382489
906510 925507
169961 294411
952473 959272
427880 542556
946828 991867
924313 984237
846982 853709
426243 821073
899837 937352
110684 369694
376410 934855
588844 811934
754527 772334
953251 954649
27515 635129
221239 583978
237101 411988
371761 644052
730106 746515
833975 882793
192088 682742
889356 891657
708421 822735
713695 866987
22715 232868
259371 943227
579018 749001
600057 675211
677198 952539
503522 944221
579328 675768
890204 911361
445018 788294
666561 719740
910745 957125
886448 995312
887021 889060
953041 995024
955400 955662
805346 979452
408295 782179
942222 996651
859086 960245
936218 939880
343614 911331
895806 945353
664085 852773
362365 642317
368339 976234
300821 696904
234938 756831
748153 885721
143870 843474
674756 860577
372889 523047
840402 885179
463758 692517
704911 919458
296113 976742
47712 877146
207104 492324
967058 997206
57464 934621
351951 596385
752589 839092
915486 993830
115530 973897
476056 950154
683602 726577
471928 803229
135596 590948
588481 667172
341105 365224
535422 628835
426759 703311
41577 886905
266939 460179
511103 853653
89924 100049
82524 976949
469352 723659
720434 923121
480432 828074
82976 274310
943396 960472
433824 822855
336568 635154
743404 923534
375812 456474
985549 990505
788823 860842
921867 985214
456796 977876
360658 485796
937332 952945
111142 273484
570780 848580
953329 966971
173097 972071
280771 938205
461645 789533
407951 927440
612692 965899
272813 792428
195174 336846
430420 880803
838078 952092
32468 268367
806085 816868
403728 582776
662024 884480
507486 788799
195429 262974
743688 751585
377878 775860
909713 983036
896795 949963
257366 568580
139742 354760
784342 841367
867796 912040
956830 975665
838774 983634
318012 736286
274365 799741
377976 793958
390456 421791
162815 551408
274030 500506
975502 997241
507120 777916
597372 814748
212058 895329
809818 927480
6475 441142
228411 444629
501228 645780
349651 521979
909416 971567
479249 970737
514003 882531
74083 391724
802803 853996
9159 826826
547199 761127
999303 999892
430972 530795
181030 682773
347988 889508
254210 740043
809279 965080
693065 985197
622209 838400
358587 561653
421793 483237
359329 811098
894055 945856
405776 894044
986465 989738
225058 498892
828625 881805
840527 886701
442591 914920
510554 785303
355502 677156
773340 887784
434967 639646
631173 930902
583839 726437
788460 956908
221471 529601
96738 746458
429402 960869
584814 727332
606798 638300
749138 756972
47239 817000
713029 741105
821710 955123
505678 581209
123945 743146
800983 910037
782918 912364
328866 403077
31899 989578
233123 812487
341238 542870
163191 245979
894360 909058
839310 845233
176919 976928
803580 990983
504209 764613
239876 618744
240472 854567
225650 603009
722248 835080
323007 698630
813329 937731
172114 512166
913348 935176
440897 621536
546118 855856
144675 655076
402950 969255
221742 808639
253427 540887
909672 940229
531490 792829
380467 760966
156719 663514
976739 997398
958118 982025
713394 791637
143530 661596
560374 992180
748992 877117
2368 135489
506960 924267
44634 436161
930753 941903
260765 411506
985669 997858
153482 506740
394892 427336
522749 826876
71488 970103
694984 980985
327021 750646
695935 871900
906972 930471
56417 266753
901030 924634
136496 553877
139815 140809
173383 676053
140238 455966
539455 655743
627013 628144
781790 902883
509969 978679
664895 829210
175240 599229
974903 978924
924798 941769
460143 890885
227819 323075
725796 943152
974635 994962
990187 990467
467767 911618
723752 894627
631324 782419
910198 958955
574016 869294
9448 111794
718292 804096
889147 971454
817927 995732
612906 790492
326501 855426
980903 982342
659954 842535
682658 803147
270582 954265
404246 872678
637891 935958
138985 560614
860677 938395
344686 979038
927437 934914
786835 904877
59524 658602
414634 722198
286055 974851
234336 700464
162996 894570
567615 592149
892805 925269
59532 938529
571053 793811
69376 418101
215934 557619
833000 981589
466139 596254
236430 576500
135752 595785
137599 246761
764214 874165
932187 972263
458869 489235
860990 864451
206123 219917
635328 914860
24809 963583
44446 717352
69853 573390
646103 888974
434142 887539
479943 945653
286016 373876
294541 455780
601083 625637
354036 720288
295273 440497
591299 733568
294995 474816
648569 703442
889893 929809
575984 931321
713607 779672
259382 842093
739503 949097
341123 532487
16737 567910
379847 725828
113445 614086
777754 799674
402309 623740
997574 999321
10056 469002
739563 852035
536806 600102
529505 637669
634869 845794
509505 761438
299257 679863
883687 936465
771824 911232
777657 857314
430741 810396
644212 805773
631760 925572
338039 714546
403734 514299
657119 907234
784023 871405
200642 377949
206553 619384
816698 844079
110794 431920
466366 896463
742953 767569
689385 847911
705041 838835
228923 237984
860681 880483
605027 952876
429108 963297
610565 969432
124546 635971
733832 755680
295813 983493
540733 828471
821677 893846
908216 919304
985905 991160
600138 749791
636052 916735
40065 102945
642382 754975
63224 663268
136869 281810
892543 900920
605317 772317
420950 955474
91457 486737
810946 997167
828897 985658
913643 946685
900050 918466
229825 480770
211328 900898
330457 814164
264599 704226
157825 636884
342889 911595
459832 967858
260195 410513
641114 736076
355502 379103
784905 806653
364567 431880
628293 954767
921918 984612
554989 985512
994828 995219
86863 118591
119593 638141
134367 361414
401161 957640
195174 962875
65453 591943
944856 958647
315266 600748
512116 718197
160687 820275
611736 885491
470846 681989
499911 904345
578681 745854
441639 869157
35873 864196
342574 723301
688465 913096
944323 988637
530997 738403
388452 506900
690982 978168
224522 928989
699169 737228
239708 715990
328373 888060
187141 540227
189770 639295
678201 879020
41460 689056
38024 281454
331855 599244
894829 895712
922398 974719
105861 551354
672571 681948
319178 475699
811710 875453
888414 930609
253247 776196
458040 911760
494449 718466
784482 932257
495575 512591
486715 988871
73971 999660
310159 690427
723331 877184
164358 852889
144068 854876
774555 974461
400882 680869
692127 936227
435503 451568
77705 556209
128405 719971
490045 697264
92860 122220
819835 834853
47157 194161
491835 627122
814080 873329
855373 885685
52495 655107
905055 994587
301753 332692
226366 343739
560453 695857
582232 649073
635869 801109
900479 933346
854152 898742
459067 608932
614079 734470
305471 410012
345193 485329
112008 238640
25333 701491
299371 432944
491564 623889
118352 281286
31773 184021
861980 974882
13070 994899
699449 823636
137983 399359
777793 917190
673676 674023
470383 660396
402502 625424
731934 760099
513837 913528
58174 487620
625107 928722
927248 992924
337375 862020
493978 655973
99045 802860
322194 887179
345595 776797
609733 741244
916240 962133
214103 215908
681494 771912
560207 565766
457285 805100
509770 679114
16574 429476
362085 688836
953067 956930
859911 976677
77367 130355
6551 689753
522747 860674
539365 633308
267245 797146
581996 750621
24071 973196
269889 882045
916758 951069
949539 982576
813185 913612
234904 910846
331655 757212
916629 939958
994426 995255
389941 899822
372746 930437
183673 246445
145103 271282
481395 824020
663408 951820
664202 882822
78665 655523
274378 308656
984421 984789
982103 991116
927299 968958
483514 506712
109968 457106
962619 979710
633345 831471
170050 670367
484920 524185
408852 971785
54346 140222
911216 921003
328494 611516
956428 977964
855304 934695
392364 654514
807703 837028
166681 939621
468372 727039
549478 891372
337732 400230
637093 790782
704293 927148
833959 869663
150218 910596
162676 639486
531928 639930
395711 654358
908457 911259
431910 589643
774686 785261
292735 643040
371089 837173
370165 445379
2427 565555
856799 868616
219846 355230
634075 992045
678105 877599
66540 137452
772789 882099
289633 804539
779704 983357
405774 416819
267684 770085
604861 958731
226652 776213
774799 875803
356932 828319
930813 944646
18050 895331
386667 996920
25822 139483
41223 158469
741662 866309
999115 999468
119725 768480
8146 567765
388578 472249
29204 255864
710676 921096
869044 999956
111416 462885
427241 816679
901377 998917
618904 881756
873707 896464
784815 998194
342465 593378
623678 910652
205333 383398
271374 758696
34335 862087
499114 955609
845815 858138
211737 565198
24448 892940
603348 634313
676395 839605
481305 785116
618474 710880
442489 480952
849459 994018
267301 819199
420812 520084
84981 700001
235379 689234
181543 311492
896932 938556
697668 811412
772728 868703
150628 870448
104412 569406
732917 824307
710378 728297
925550 963328
141580 926513
318922 674373
921763 975988
610450 880522
406935 850917
23695 611693
577044 792388
623957 774321
542419 939100
486134 984527
223375 740353
220651 527567
540328 829220
388340 979863
652734 818659
383621 703023
204846 598839
853204 951800
924617 959269
658790 815750
653243 912394
735531 910931
301095 731408
411436 694080
236560 806748
957429 997089
288718 902359
529318 721110
914171 958740
634520 644566
974279 985240
90865 277944
465046 624612
725553 981596
825756 853288
685853 897605
36693 164109
612011 877592
970825 990613
755345 988065
71895 425955
121007 982401
673817 792391
858776 966041
728608 861326
318528 425575
461973 511895
710650 960682
619371 760915
431040 912786
688281 698639
913954 984874
680336 840427
816674 917741
290334 914268
693004 998292
738539 890135
443817 881281
332358 504608
23119 750255
173821 820962
845899 867149
407287 693723
965124 995395
706007 719505
840148 919186
565201 636151
853430 962830
200322 457698
136717 609830
590600 850442
272641 940476
455660 944147
170910 366885
709906 875149
360061 456897
330658 437589
605833 884747
455748 882347
402040 936094
204457 716171
930739 997656
22193 43493
450775 482729
814882 825493
82844 123053
999637 999726
478200 482573
486243 892107
282363 837768
451133 823723
818949 821685
482533 895307
552961 767155
591767 598168
725903 839418
733707 814047
840224 889519
765584 833518
487462 804492
569658 584019
155493 401249
274855 380492
681425 909406
944547 985494
675594 918668
771817 863082
569301 668566
956526 959652
537543 722143
828406 874079
133698 336025
629723 703561
328019 857344
493350 501037
791520 842354
166747 970514
500350 961254
842375 894954
969419 975875
550676 880832
965597 998143
811445 846091
203469 674855
937834 951971
737200 767841
76162 146934
937060 988796
159999 720375
180392 856298
905671 948453
231125 366829
120478 947235
337483 778488
820164 927585
475358 757925
940851 977356
272324 381803
253644 558553
173519 218425
89933 183182
511965 697464
115555 938902
279431 517064
800588 827126
501150 719902
308202 967963
570341 996502
167054 905077
155820 744569
211852 212823
170705 716889
50848 448771
755352 825295
710283 928438
170312 873645
243242 715122
105655 371501
616932 895066
860546 931063
53524 966858
878506 995847
435429 959172
367701 946578
772899 915882
249318 337418
282416 687310
214922 563178
628514 766270
211613 900732
20618 180560
713314 808918
26720 823053
843404 900354
130494 827648
240114 924742
218945 820060
807462 852540
530063 578102
590584 956888
48667 529559
983926 988299
520353 526780
852355 977103
610115 950866
478374 823630
547355 608055
746924 980581
613631 748155
311676 361965
329672 816956
384962 714156
59705 351199
195800 714535
830769 975307
48685 132369
259322 378017
636831 853612
580267 977258
888410 960528
832287 909621
112219 269020
612715 623755
364235 965069
224981 238946
306109 512635
126024 923141
895110 968527
60778 551522
557745 773650
644198 720050
612450 813703
380139 456688
30909 118339
215050 606263
703818 809233
177168 282441
474213 841882
490031 893536
897516 991045
812150 898119
298302 730264
952086 986455
741922 983040
475114 713377
177095 847738
117384 947634
800037 874927
604791 671077
792816 794078
647728 824843
577360 781398
700988 930816
730248 835448
156895 874571
797414 976806
862708 974194
792759 836470
475681 978324
383565 425878
451394 455444
976904 993156
79328 862876
215546 499011
501532 696446
597206 640194
652859 932377
592992 999339
528264 954764
360780 948087
775590 800396
411602 435257
537012 549663
637446 805301
650075 914644
116949 605754
909616 983140
498171 761571
472435 948824
995265 996942
906455 940621
655438 719786
142241 874138
122566 615410
561200 608673
82171 774494
382450 602164
916927 922178
379171 904300
378860 503797
187066 566520
392639 410808
522098 816344
252578 968114
121016 889587
757035 888748
369389 628676
590319 805191
13259 913059
684403 695426
432479 861272
942416 973107
360198 678435
68493 394279
264580 590554
670211 684257
78267 276464
705169 793339
715332 791993
837887 840632
219164 332908
839920 986296
890847 991202
610461 731889
429576 617076
538672 971100
897408 931144
425368 959922
520604 625286
569475 814094
963805 969898
108032 301932
925436 942672
145103 942198
21778 883865
771031 934550
657944 720092
955066 979078
175281 493127
792787 948502
612416 702042
527056 918579
44833 211267
113495 759441
480790 638130
625008 641957
417683 688565
178644 852259
358524 973132
309894 591223
352273 584688
813847 895111
486547 731230
593253 763775
138751 516615
312809 955293
244401 673886
619770 757553
781459 859333
69303 380599
281710 736644
868770 909446
743631 905815
238631 272902
951985 956003
578520 610966
22659 295541
637974 704059
823213 970656
766170 789597
728379 980086
606167 745247
660634 796298
512576 566576
