500 123
912924 912942
912397 912415
90 899911
915763 915793
89 899912
30 899971
80 899921
915848 915852
915899 915906
16 899985
915627 915649
917310 917338
916052 916068
913553 913577
916256 916284
915066 915086
916545 916559
912363 912379
912907 912924
913111 913140
914148 914176
105 899896
912805 912816
916426 916433
40 899961
58 899943
914811 914816
915491 915505
912754 912762
63 899938
914063 914086
917599 917613
917480 917487
915984 915996
915780 915811
914318 914325
912873 912888
19 899982
915270 915271
918143 918158
915661 915685
39 899962
68 899933
912839 912852
918398 918428
916528 916541
915797 915798
915576 915595
912193 912199
915933 915942
913825 913834
12 899989
916120 916140
916358 916361
917531 917541
65 899936
916715 916739
917361 917392
913638 913667
121 899880
912261 912271
915865 915870
918466 918469
913315 913325
917548 917559
917854 917883
917446 917451
9 899992
914522 914541
917922 917924
914794 914798
916477 916487
916766 916793
915882 915888
913655 913685
914386 914397
72 899929
914505 914523
918449 918451
914471 914487
915032 915050
913162 913163
917871 917901
918007 918014
917191 917212
47 899954
915950 915960
34 899967
916562 916577
912618 912649
914403 914415
913927 913942
918075 918086
914981 914996
913944 913960
912295 912307
36 899965
914913 914924
916800 916829
913213 913217
917990 917996
916613 916631
914896 914906
917123 917140
916817 916847
914845 914852
913723 913726
46 899955
102 899899
915134 915158
912567 912595
914573 914595
916171 916194
916018 916032
917344 917374
915100 915122
50 899951
915202 915230
917650 917667
918177 918194
67 899934
918041 918050
915542 915559
916579 916595
912703 912708
913179 913181
918245 918266
915151 915176
75 899926
914029 914050
28 899973
915049 915068
116 899885
66 899935
917973 917978
916443 916451
918126 918140
917327 917356
918092 918104
917497 917505
913876 913888
913621 913649
85 899916
912159 912163
915236 915266
918194 918212
917157 917176
917939 917942
916409 916415
913281 913289
918313 918338
913791 913798
916239 916266
914641 914667
913094 913122
917293 917320
912380 912397
917752 917775
912210 912217
913417 913433
912958 912978
916698 916721
918415 918446
912941 912960
24 899977
915712 915739
913400 913415
37 899964
917616 917631
107 899894
915083 915104
54 899947
110 899891
913672 913703
917786 917811
32 899969
912550 912577
42 899959
918160 918176
70 899931
917395 917397
915610 915631
917701 917721
56 899945
914947 914960
6 899995
52 899949
914556 914577
913978 913996
917021 917032
912499 912523
916834 916865
916154 916176
912975 912996
115 899886
14 899987
913842 913852
916664 916685
53 899948
915015 915032
916494 916505
914335 914343
917004 917014
41 899960
78 899923
917956 917960
914267 914271
913519 913541
21 899980
914488 914505
913961 913978
917463 917469
916902 916906
913060 913086
29 899972
916035 916050
71 899930
912584 912613
914743 914744
913145 913176
916392 916397
81 899920
2 899999
101 899900
917582 917595
912788 912798
87 899914
122 899879
913009 913032
914352 914361
918211 918230
914607 914631
913264 913271
10 899991
917888 917919
31 899970
915525 915541
913604 913631
44 899957
912431 912451
1 900000
917735 917757
916970 916978
914879 914888
917089 917104
73 899928
913349 913361
914726 914757
912822 912834
914930 914942
917514 917523
98 899903
22 899979
96 899905
916953 916960
913247 913253
917633 917649
916375 916379
45 899956
913128 913158
914046 914068
918296 918320
916086 916104
916647 916667
918262 918284
918483 918487
7 899994
914097 914122
25 899976
916987 916996
917259 917284
74 899927
914675 914703
917769 917793
916307 916338
914454 914469
91 899910
913043 913068
917820 917847
917208 917230
916222 916248
915457 915469
26 899975
912125 912127
913893 913906
914012 914032
33 899968
914284 914289
914624 914649
38 899963
915440 915451
93 899908
917225 917248
916137 916158
915168 915194
913468 913487
11 899990
916681 916703
76 899925
915474 915487
109 899892
914165 914194
918058 918068
912312 912325
57 899944
913332 913343
912720 912726
3 899998
912346 912361
915321 915325
97 899904
916460 916469
917667 917685
915304 915307
915406 915415
917684 917703
912856 912870
106 899895
100 899901
912108 912109
914216 914217
113 899888
914250 914253
83 899918
913587 913613
913570 913595
912482 912505
17 899984
88 899913
916936 916942
918330 918356
913774 913780
912669 912672
912737 912744
913740 913744
915967 915978
917140 917158
915355 915361
62 899939
51 899950
917106 917122
18 899983
912448 912469
912142 912145
917905 917906
15 899986
913502 913523
917038 917050
912278 912289
916188 916212
915389 915397
914692 914721
916868 916870
108 899893
35 899966
13 899988
916273 916302
69 899932
912992 913014
915644 915667
916205 916230
913757 913762
912771 912780
4 899997
914709 914739
918347 918374
82 899919
915695 915721
915117 915140
48 899953
917072 917086
915508 915523
117 899884
912414 912433
913910 913924
43 899958
912652 912654
77 899924
913706 913708
916732 916757
5 899996
916341 916343
912516 912541
912244 912253
917803 917829
916783 916811
912329 912343
914080 914104
61 899940
912227 912235
914964 914978
912686 912690
914437 914451
916749 916775
913383 913397
917429 917433
916851 916852
112 899889
912074 912104
913298 913307
84 899917
914369 914379
912635 912636
916103 916122
918024 918032
912890 912906
915678 915703
914420 914433
917837 917865
119 899882
86 899915
916069 916086
915253 915284
912465 912487
104 899897
79 899922
64 899937
59 899942
917718 917739
918109 918122
95 899906
55 899946
913230 913235
23 899978
914590 914613
912176 912181
915185 915212
916919 916924
914131 914158
916596 916613
917055 917068
49 899952
92 899909
917174 917194
20 899981
918432 918433
914760 914762
914114 914140
912091 912122
915287 915289
918364 918392
914233 914235
915219 915248
27 899974
912601 912631
913026 913050
913859 913870
915423 915433
915814 915816
917276 917302
918228 918248
103 899898
913451 913469
120 899881
111 899890
914182 914212
913196 913199
914862 914870
916290 916320
915746 915775
118 899883
914658 914685
917378 917379
915372 915379
99 899902
916324 916325
916001 916014
8 899993
114 899887
913808 913816
915338 915343
917412 917415
913995 914014
914199 914230
914301 914307
913434 913451
915916 915924
916630 916649
918381 918410
916511 916523
913485 913505
915593 915613
915559 915577
915831 915834
914539 914559
912533 912559
60 899941
913077 913104
915729 915757
914777 914780
94 899907
916885 916888
913366 913379
914828 914834
918279 918302
917242 917266
913536 913559
913689 913690
914998 915014
917565 917577
