50
41 78 43 88 96 90 79 67 86 83 77 65 29 87 95 85 35 97 45 55 82 75 100 71 57 61 53 98 51 84 94 89 59 37 92 76 99 49 69 33 27 31 73 47 63 81 91 93 39 80
40 23 42 13 5 11 22 66 15 18 24 64 28 14 6 16 34 4 44 54 19 74 1 70 56 60 52 3 50 17 7 12 58 36 9 25 2 48 68 32 26 30 72 46 62 20 10 8 38 21
40
1 50
1 49
3 50
15 28
23 42
7 9
1 50
1 43
9 50
17 41
37 43
22 41
1 50
1 37
15 50
34 49
20 36
21 26
1 50
1 31
21 50
4 34
25 36
8 14
1 50
1 25
27 50
6 20
16 28
9 32
1 50
1 19
33 50
48 49
28 31
10 34
1 50
1 13
39 50
22 31
