2000
3 38 47 51 55 65 70 77 78 85 86 88 108 109 112 130 139 140 167 182 193 206 207 218 237 248 255 256 258 260 273 280 285 289 318 322 330 346 350 359 361 377 393 421 449 453 463 470 476 514 528 533 535 552 569 583 589 600 611 617 621 622 624 632 637 673 678 684 688 693 716 717 734 735 748 754 755 757 759 772 776 778 785 793 795 796 803 813 824 835 852 853 866 868 876 921 922 926 928 930 932 940 943 979 983 984 1007 1012 1014 1016 1027 1042 1046 1051 1074 1081 1093 1097 1098 1109 1112 1160 1182 1188 1205 1210 1219 1228 1253 1254 1265 1286 1296 1305 1330 1333 1336 1353 1366 1378 1385 1392 1398 1433 1457 1470 1473 1477 1487 1498 1505 1507 1520 1522 1523 1540 1542 1565 1567 1581 1582 1590 1601 1612 1638 1648 1655 1683 1685 1688 1691 1693 1705 1726 1730 1745 1759 1764 1774 1779 1781 1788 1804 1840 1845 1855 1867 1872 1899 1917 1923 1926 1931 1932 1947 1950 1964 1975 1983 1993 127 1196 1733 1133 769 1162 1035 1810 854 946 1195 1334 873 1437 1956 1839 1876 1341 986 1619 1257 390 368 649 1004 1176 335 1063 1034 1177 715 1955 1380 389 1462 149 708 165 730 677 49 188 998 1292 62 1557 941 402 1201 173 1242 388 558 124 1373 371 1741 185 1646 897 1771 1019 235 1104 1467 919 894 912 794 971 1499 839 331 1588 177 205 508 1732 680 1393 610 1079 1225 1672 243 396 1058 1326 1194 1592 54 504 382 250 1680 1151 1400 1748 1836 1139 990 595 1755 581 872 656 254 1686 1746 1738 973 1687 306 1258 1391 529 1318 1455 397 1762 471 951 1886 599 847 1992 1092 1435 902 1515 1817 961 1707 1884 1869 1665 291 455 836 1639 1549 1118 604 1664 216 1331 39 299 1421 277 1122 534 1892 233 1163 56 521 1026 1345 1100 1447 791 497 1679 163 1441 707 1202 1453 28 1260 1408 238 32 1200 401 447 906 1715 1526 1134 495 431 598 462 1147 398 1842 1484 152 1111 1760 365 1337 1107 270 1533 155 311 1698 1208 1937 714 1766 789 970 957 674 1404 1848 1678 214 1722 557 384 386 1967 1423 283 221 1951 1541 1694 1199 1837 592 584 559 1020 590 1059 1283 865 1943 879 1192 1853 186 1131 1868 1080 758 195 1427 913 1979 1274 981 1197 1930 1365 538 773 1376 1935 1920 669 1456 746 699 1419 660 1314 1896 1299 1692 310 480 1178 344 1222 24 422 115 150 1277 1798 893 808 731 969 1718 1778 1221 129 501 1998 1616 284 199 1270 394 1536 522 1300 436 1101 1432 1978 145 1618 978 1797 1405 826 1231 381 1936 1959 608 355 1454 73 601 1241 574 648 340 737 1697 1150 1802 771 219 510 231 1356 245 1674 157 1094 765 1420 412 1966 877 686 1823 420 1734 593 441 982 694 279 1281 1161 896 895 194 1248 561 1922 1428 415 1360 408 1934 1548 1654 738 1921 1316 135 1578 336 993 733 458 1159 1247 485 725 1127 44 679 329 472 1216 1301 1491 106 900 519 1728 1390 100 1583 10 1913 1518 1660 295 1918 1538 1285 61 440 874 1787 1348 1593 833 989 1138 855 706 1240 118 1584 728 1363 616 64 418 465 325 499 962 1752 1320 357 1472 34 1459 48 809 1045 1414 1825 1431 628 1754 1856 1091 802 316 424 1607 788 1871 1629 228 293 1617 1358 1425 1417 296 683 1997 1346 308 313 1910 1703 1508 162 319 1280 251 1952 777 1 652 18 586 1003 655 229 580 779 1235 1078 654 1610 1276 1424 710 1032 1232 1968 1024 1620 1704 1374 1005 1357 92 1402 58 1980 838 630 1591 2000 568 134 489 517 166 1062 1198 181 605 1451 1521 1362 1906 1634 1887 823 1815 502 1174 685 524 1085 373 404 506 815 594 509 1662 840 1383 633 1650 965 1190 1695 212 1812 1055 576 1171 1716 886 1185 566 1543 1516 1850 1878 878 1082 1461 1070 607 1974 892 493 1490 234 1369 1599 536 1115 741 1614 952 672 1824 676 257 664 647 1830 851 976 1315 511 1465 1444 857 562 1180 1846 783 1083 681 227 1700 762 1560 1731 646 423 1409 1460 1388 1172 980 1537 294 95 374 849 203 1327 1843 640 494 452 667 333 1566 1712 116 315 1335 286 19 33 1649 810 1342 46 1821 1805 1271 321 1743 556 1236 1025 1572 60 1814 99 1223 540 1272 1777 131 312 1500 362 466 844 1351 363 848 520 1399 923 446 202 1056 1944 1661 920 1332 1598 490 483 367 1181 532 119 651 1885 1031 700 1793 1212 1659 799 383 994 1919 1168 444 451 1429 169 516 1434 657 288 1047 1690 1877 1847 1049 1244 148 804 869 1050 467 626 1596 1442 864 1769 292 1255 1783 1756 1653 1576 176 1841 1527 722 1302 1765 1446 1673 341 1343 1554 719 1870 898 1874 671 1106 1531 935 96 101 1338 1306 1011 537 1989 1894 974 204 1209 1262 1844 2 1938 927 560 439 543 1832 1268 915 352 387 1513 1558 1604 850 1717 52 141 1559 427 323 675 1517 903 342 87 241 230 1000 697 107 931 1061 1641 625 274 1838 1819 83 1780 1377 1349 711 411 409 1510 1154 105 1858 334 146 1087 1796 287 1914 1630 1642 1633 1060 1287 1820 1763 1475 883 526 1775 1792 1152 1478 1203 307 828 726 375 1611 1580 1606 158 343 1994 618 1615 1668 846 936 627 434 1530 718 666 1130 745 744 603 582 416 665 172 1535 1525 1784 752 1347 1129 147 1827 460 1597 1439 217 905 1279 1207 417 154 240 1396 35 1422 314 1790 1284 1397 1213 954 578 1308 503 271 297 571 1297 703 81 190 1863 1407 366 1215 290 133 1246 1569 208 1474 767 753 266 713 1117 45 317 997 114 103 448 159 841 644 376 1183 587 442 1644 1238 1008 1381 1962 1982 985 496 662 500 76 659 1637 213 262 450 856 782 259 1096 1067 187 1575 1482 482 211 1772 1563 370 236 1065 1574 1749 541 269 770 1737 249 400 988 1547 1669 949 904 960 1747 379 991 410 1084 487 144 780 399 766 636 120 887 736 1445 929 1702 1476 1128 1165 712 871 1064 573 128 53 1571 1103 5 760 518 1977 1278 1553 639 1907 859 1121 1724 395 812 1822 1275 891 1735 183 1071 464 1309 602 244 1602 30 111 1350 1739 1958 545 1370 1077 1001 761 1898 1652 1782 750 967 1449 1818 642 687 50 1144 1458 1282 775 638 435 21 1324 1030 443 1953 1696 1310 819 933 937 1119 43 1303 959 132 1105 1323 555 579 1135 174 1015 1897 75 1044 1929 378 492 468 832 57 1727 1124 6 281 1489 1710 1689 15 1645 1911 1114 1729 1854 1099 588 1339 1971 814 1539 239 484 1960 192 91 37 924 1890 542 1251 1511 1986 1304 1901 870 565 1860 910 1375 1229 1239 843 1153 1676 1250 798 842 1234 1430 1125 372 513 1361 862 354 1143 1352 668 1519 1137 332 1412 623 1158 156 634 1095 972 137 1621 531 1319 1002 1828 1589 1173 1585 709 171 1864 1608 1021 908 1220 1227 1833 749 1631 1466 1529 1895 1791 863 1264 79 1039 1371 179 1186 191 987 459 1156 189 1924 1990 696 265 1504 1354 263 309 1984 113 298 253 821 1403 74 999 1806 1029 338 830 1372 232 1859 1544 1750 880 1120 201 282 939 1577 215 1965 1329 1570 553 1102 1140 1321 1835 1826 1411 1493 348 820 612 784 596 407 1480 1681 740 1269 1785 1492 925 25 747 1632 1486 303 1725 1233 544 768 575 1861 858 792 125 1933 1496 477 36 1066 1939 1481 691 261 701 888 1670 226 301 278 1723 1795 160 123 1594 1900 66 549 68 1290 781 82 80 1551 631 437 1483 1587 1875 1136 302 724 102 1996 702 996 845 1382 197 1915 1603 591 1873 406 1770 337 1295 1916 1037 909 121 1905 1193 861 1009 461 1635 469 670 414 1719 1322 1701 635 71 1640 1908 475 1038 1954 1545 1132 90 1506 1981 385 515 1126 304 1088 743 1546 220 122 663 1089 1857 727 1256 1355 456 653 1289 1534 938 1512 1179 968 1452 551 1206 977 4 1113 1146 1293 42 1013 1267 1675 1561 429 7 1809 1625 20 1175 89 391 209 1740 11 1006 339 1211 1418 512 704 305 1413 613 1169 433 975 94 690 430 1564 1643 1069 790 1243 1438 889 26 1776 756 1758 1145 1149 1448 1927 1450 364 1298 1623 242 645 454 481 1495 272 1880 1090 641 1801 142 629 1605 1988 1948 1816 1736 392 22 180 643 816 505 615 1708 486 947 67 97 1579 950 885 1436 742 1528 1076 1497 1057 1485 614 1469 774 1928 168 1395 1881 222 1667 1949 1368 1043 1852 890 1879 93 1671 264 620 1803 764 1568 1622 609 1768 682 1800 488 1903 1807 1813 1556 834 901 721 918 882 1479 723 184 1218 554 1488 1036 1364 247 1217 732 403 328 817 491 1022 1288 225 822 1834 1909 1501 806 1888 948 1440 98 698 661 16 1865 1123 1340 658 1555 353 547 1647 1957 479 964 1443 1141 1883 1891 829 1973 246 914 1721 23 934 899 300 1786 474 1773 1753 1742 995 1969 153 1658 268 958 1586 1995 136 705 827 1573 1985 1626 1882 27 1075 1940 1041 1600 347 1713 1636 992 345 1829 1033 1325 1494 151 523 1142 1651 432 1999 1394 1991 41 963 1663 1945 942 1028 17 720 1328 1367 63 1224 966 550 763 126 356 1757 1893 1237 1761 1941 1711 223 955 1946 570 40 1889 413 1307 1252 59 117 1627 585 1344 1684 276 320 1976 786 1987 1972 1970 1963 1961 1942 1925 1912 1904 1902 1866 1862 1851 1849 1831 1811 1808 1799 1794 1789 1767 1751 1744 1720 1714 1709 1706 1699 1682 1677 1666 1657 1656 1628 1624 1613 1609 1595 1562 1552 1550 1532 1524 1514 1509 1503 1502 1471 1468 1464 1463 1426 1416 1415 1410 1406 1401 1389 1387 1386 1384 1379 1359 1317 1313 1312 1311 1294 1291 1273 1266 1263 1261 1259 1249 1245 1230 1226 1214 1204 1191 1189 1187 1184 1170 1167 1166 1164 1157 1155 1148 1116 1110 1108 1086 1073 1072 1068 1054 1053 1052 1048 1040 1023 1018 1017 1010 956 953 945 944 917 916 911 907 884 881 875 867 860 837 831 825 818 811 807 805 801 800 797 787 751 739 729 695 692 689 650 619 606 597 577 572 567 564 563 548 546 539 530 527 525 507 498 478 473 457 445 438 428 426 425 419 405 380 369 360 358 351 349 327 326 324 275 267 252 224 210 200 198 196 178 175 170 164 161 143 138 110 104 84 72 69 31 29 14 13 12 9 8
2000
1 896
1999 981
652 1
440 2000
965 858
869 709
418 1897
845 1107
1 1178
1999 900
323 1
1276 2000
994 1700
296 380
225 1
1273 1667
1 1471
1999 1964
1817 1
928 2000
848 1403
1014 517
63 739
1364 60
1 1875
1999 1479
988 1
1794 2000
787 572
189 1286
1512 1374
49 19
1 823
1999 761
1229 1
379 2000
888 718
1230 1179
270 319
150 580
1 772
1999 606
272 1
1048 2000
469 1585
185 1694
108 1800
1188 32
1 865
1999 1674
1779 1
1465 2000
845 1241
987 1675
191 1492
1288 1025
1 1074
1999 269
1889 1
72 2000
1761 911
1971 1278
447 507
690 577
1 1329
1999 1774
1319 1
838 2000
1764 646
585 608
4 448
1385 1451
1 729
1999 893
611 1
15 2000
503 121
168 1257
396 1806
1759 1818
1 1039
1999 1273
316 1
1116 2000
887 1856
868 226
900 1069
1047 1330
1 1074
1999 555
704 1
1795 2000
1157 225
1525 30
68 418
555 343
1 1449
1999 1265
1568 1
1229 2000
1236 778
487 1191
1206 794
884 1866
1 165
1999 1764
150 1
1587 2000
1031 668
1301 1015
908 1866
1373 1032
1 475
1999 557
25 1
221 2000
116 684
45 1325
17 219
1778 1098
1 1492
1999 1200
346 1
462 2000
1786 376
993 970
1033 327
1610 530
1 1256
1999 600
992 1
681 2000
575 864
179 1415
1109 1794
1166 71
1 406
1999 1396
1854 1
258 2000
606 1029
147 1426
12 455
1776 1035
1 179
1999 1944
651 1
293 2000
1617 564
432 1789
1419 296
1725 1028
1 1504
1999 942
1964 1
731 2000
1740 1807
551 398
701 62
1484 1899
1 1090
1999 1838
462 1
590 2000
732 494
942 1551
751 1742
1426 162
1 1609
1999 146
1430 1
1437 2000
1399 474
265 1493
1775 203
1307 1832
1 1466
1999 407
735 1
921 2000
1772 640
512 764
254 1637
721 823
1 1756
1999 1395
544 1
57 2000
1556 587
190 713
1462 1191
1186 1890
1 1008
1999 519
550 1
1501 2000
1403 1981
1550 1090
1499 1521
400 999
1 1789
1999 1571
1370 1
985 2000
1314 85
424 652
1077 1309
1668 1291
1 1985
1999 118
569 1
1921 2000
244 194
728 440
1407 1837
187 1359
1 1544
1999 1900
166 1
323 2000
281 1746
1515 291
1204 567
1046 559
1 464
1999 121
655 1
1840 2000
439 514
1901 798
11 1033
264 1743
1 445
1999 1941
1458 1
1998 2000
150 904
1129 1878
183 584
171 424
1 717
1999 1256
321 1
873 2000
1473 1872
445 1451
957 682
1353 1039
1 1993
1999 1297
211 1
1588 2000
1412 1102
1899 544
387 591
1068 1808
1 1583
1999 1180
530 1
1078 2000
1848 1688
411 739
1871 866
309 1370
1 1599
1999 1372
1061 1
902 2000
1075 750
1966 570
141 200
859 1997
1 1511
1999 207
652 1
123 2000
620 327
784 240
932 884
762 761
1 440
1999 1633
1354 1
1931 2000
1300 1278
791 139
1263 1610
832 623
1 503
1999 1077
602 1
1604 2000
1348 1631
979 1740
844 1377
39 1221
1 379
1999 111
1662 1
1700 2000
1344 206
414 160
695 720
670 976
1 464
1999 644
1498 1
1241 2000
1501 68
1146 1400
449 700
1917 26
1 1874
1999 1683
403 1
1040 2000
1094 879
482 465
1451 174
1810 1932
1 1432
1999 399
563 1
1966 2000
537 1174
746 1358
1411 361
968 360
1 196
1999 889
1473 1
1745 2000
803 1394
1174 278
1857 801
1865 1683
1 967
1999 1156
77 1
578 2000
933 1994
1927 1687
727 965
1812 1999
1 1219
1999 1219
1633 1
942 2000
297 1789
724 1673
152 1461
1438 433
1 509
1999 1885
526 1
856 2000
262 565
178 664
1311 412
88 1236
1 134
1999 1069
258 1
1567 2000
1993 245
1537 1517
801 1958
1684 283
1 1009
1999 1244
1161 1
1684 2000
1636 889
378 425
1150 1689
1395 1293
1 480
1999 815
935 1
1906 2000
714 1091
54 642
1476 768
364 1413
1 1399
1999 507
1206 1
170 2000
1725 23
1032 711
369 487
1181 1436
1 1848
1999 1416
1808 1
1783 2000
1982 1544
32 342
810 417
1860 544
1 589
1999 462
513 1
1970 2000
1255 84
33 510
148 1858
40 709
1 1728
1999 367
571 1
1002 2000
448 1490
243 505
1051 1535
261 1548
1 782
1999 1984
1494 1
114 2000
467 343
1101 792
397 1377
733 1322
1 1775
1999 1619
1922 1
1912 2000
408 27
1656 1018
373 1950
817 1594
1 1684
1999 1927
370 1
840 2000
722 248
317 1865
896 1074
1418 1410
1 743
1999 1644
1391 1
328 2000
1587 1144
780 677
1129 46
660 291
1 1571
1999 402
997 1
1273 2000
279 1204
198 320
893 1853
1374 480
1 518
1999 256
1331 1
1539 2000
633 1295
1441 1356
1217 86
940 818
1 1667
1999 1980
1182 1
1911 2000
1367 506
1040 1501
761 327
125 170
1 1714
1999 457
117 1
1470 2000
616 874
604 1510
768 866
690 1816
1 1140
1999 1922
594 1
1566 2000
980 297
1383 1297
372 1660
347 670
1 1409
1999 52
1342 1
1613 2000
1062 808
1615 1450
1597 129
1532 1205
1 1499
1999 823
433 1
39 2000
1868 940
1208 1291
1909 762
1894 838
1 535
1999 365
607 1
663 2000
1305 1529
1545 1394
1889 808
830 855
1 1255
1999 978
1456 1
1081 2000
457 1952
351 870
1524 148
445 260
1 900
1999 974
227 1
1251 2000
69 1998
223 1208
96 1878
1075 652
1 637
1999 1961
1091 1
1608 2000
136 1833
287 1038
127 1006
1238 1662
1 1280
1999 908
1825 1
144 2000
692 1212
1380 889
561 665
701 1045
1 266
1999 1127
587 1
174 2000
818 1864
14 922
784 1513
55 497
1 1262
1999 490
1733 1
1049 2000
1238 1208
1990 27
313 685
1553 198
1 1025
1999 1471
1846 1
89 2000
1124 633
357 629
502 1078
269 329
1 1737
1999 1348
1291 1
1474 2000
1559 626
299 804
932 1172
1777 1815
1 1418
1999 423
1329 1
1265 2000
1181 1266
32 1169
217 1347
1709 149
1 1546
1999 1027
753 1
966 2000
743 1442
1463 1615
1003 891
456 1285
1 349
1999 996
174 1
390 2000
1007 1252
1672 779
1579 467
1262 150
1 1748
1999 1720
340 1
809 2000
629 1505
335 1266
1435 1506
1297 1690
1 227
1999 1013
524 1
847 2000
1946 1968
1368 1662
867 575
490 647
1 28
1999 839
207 1
1919 2000
692 810
1478 1177
1759 319
1733 567
1 1128
1999 1447
1269 1
1097 2000
1374 1980
789 1305
1256 1284
160 773
1 266
1999 1672
1635 1
579 2000
1092 1198
469 1890
1866 1851
1207 1732
1 424
1999 1445
551 1
1639 2000
842 167
788 1752
1505 871
468 1766
1 1388
1999 651
1163 1
1110 2000
471 743
640 1715
762 1837
661 198
1 1649
1999 488
1181 1
1295 2000
738 681
248 572
1937 1612
1258 974
1 781
1999 1814
362 1
1572 2000
729 1966
1680 1775
1819 937
1825 584
1 1104
1999 1501
123 1
1612 2000
1227 1287
447 279
1389 1556
844 1639
1 1814
1999 1010
525 1
1701 2000
177 130
1002 1577
904 1899
1733 552
1 880
1999 1793
480 1
404 2000
1053 19
1562 661
1339 1066
1761 1781
1 1
1999 1059
1268 1
1665 2000
1207 1735
17 644
118 205
1757 1358
1 136
1999 1579
346 1
1604 2000
1857 1827
959 646
1683 1917
1752 1343
1 1115
1999 1169
1712 1
463 2000
1747 584
1808 331
396 1130
1974 153
1 1824
1999 15
1336 1
845 2000
699 1681
1851 1341
1549 1816
1112 205
1 337
1999 485
1182 1
940 2000
990 166
1574 740
108 305
1484 1832
1 1992
1999 430
186 1
586 2000
554 94
1370 1272
1338 1096
1680 1991
1 1211
1999 1342
1821 1
1306 2000
1519 1749
1192 1786
1466 138
268 108
1 1626
1999 1161
591 1
1361 2000
1739 1659
847 456
1113 1918
618 351
1 1427
1999 1485
1258 1
1875 2000
1765 1674
117 1468
128 720
156 493
1 40
1999 926
1690 1
1490 2000
265 1996
1322 1639
238 720
1939 1462
1 1756
1999 280
1816 1
582 2000
290 69
1677 1624
1892 1196
912 1856
1 1327
1999 119
642 1
1927 2000
325 1230
323 289
1530 167
1953 698
1 163
1999 986
563 1
69 2000
1148 464
570 619
99 792
1561 1956
1 1848
1999 415
629 1
1973 2000
717 1759
1464 1141
152 1006
1053 1237
1 513
1999 1012
226 1
1679 2000
1044 1554
1586 1020
871 1687
1506 1175
1 1795
1999 1344
306 1
1865 2000
1903 987
1145 1423
1937 1302
987 1572
1 224
1999 1299
1319 1
88 2000
1258 1084
1452 730
33 1037
1110 1447
1 28
1999 1530
1115 1
504 2000
979 370
110 1627
822 1363
223 520
1 1492
1999 1241
385 1
1870 2000
732 515
1255 788
1955 590
222 1639
1 850
1999 1958
1631 1
208 2000
1367 218
972 1156
7 106
84 458
1 376
1999 588
1983 1
553 2000
1702 339
34 1675
533 68
661 641
1 1121
1999 1242
710 1
461 2000
1275 831
1348 284
1855 446
1293 899
1 1333
1999 1608
87 1
1426 2000
1745 1684
314 227
1301 1528
895 1476
1 1202
1999 612
1917 1
136 2000
726 1184
981 408
209 1759
1080 804
1 868
1999 710
675 1
1853 2000
994 1758
658 1599
380 1828
1869 1779
1 1862
1999 1834
989 1
1556 2000
1235 1284
1521 1880
1823 1349
1425 1473
1 1694
1999 739
1742 1
1787 2000
412 442
287 1693
1205 651
394 1502
1 253
1999 1955
1322 1
1950 2000
1288 1350
1579 845
676 933
535 793
1 129
1999 1224
927 1
993 2000
1119 1394
846 1655
1559 1382
1274 891
1 104
1999 1292
1661 1
986 2000
1180 1555
1296 24
886 830
1319 745
1 50
1999 220
243 1
1440 2000
1268 647
115 1970
1535 924
1679 152
1 1632
1999 668
288 1
1122 2000
1062 1024
1216 1055
308 1865
1689 1891
1 1064
1999 307
1019 1
1119 2000
1298 1769
43 1768
1198 743
302 1303
1 928
1999 1947
1364 1
426 2000
35 379
1098 1607
177 1401
1983 1248
1 1420
1999 1907
650 1
1226 2000
966 1763
973 680
1517 781
375 1017
1 415
1999 963
1881 1
1610 2000
1897 891
213 790
360 1016
1282 1057
1 749
1999 649
525 1
1948 2000
1815 1165
1430 1431
990 1336
1940 652
1 1313
1999 1497
1980 1
87 2000
589 557
912 1396
1393 1489
1998 1186
1 78
1999 788
1879 1
100 2000
1554 1100
954 1862
1510 109
1979 12
1 1196
1999 939
232 1
428 2000
866 1058
959 475
565 208
1214 1713
1 18
1999 1548
904 1
1565 2000
1008 631
768 1029
327 844
1233 1264
1 1390
1999 1510
560 1
1622 2000
673 1305
1779 651
1476 663
1071 1639
1 1587
1999 1871
1564 1
882 2000
909 1179
1088 475
663 64
551 270
1 1598
1999 955
589 1
1398 2000
419 1819
1625 1801
655 1639
1172 1414
1 487
1999 33
704 1
31 2000
1029 97
106 738
1878 277
859 1597
1 1892
1999 651
1303 1
1304 2000
492 1850
559 541
1706 920
1509 1852
1 829
1999 639
1610 1
1555 2000
322 697
1906 218
1329 1580
653 1621
1 867
1999 357
169 1
335 2000
522 1503
1658 206
1223 1549
512 605
1 1740
1999 1529
1116 1
1932 2000
1763 1520
1331 1730
1361 20
648 1613
1 104
1999 1938
1956 1
1378 2000
438 42
102 662
117 7
1202 788
1 982
1999 1517
561 1
30 2000
628 1326
1974 876
776 45
602 1170
1 19
1999 190
1131 1
1532 2000
1521 1117
1644 803
472 805
1957 755
1 121
1999 254
1875 1
205 2000
1983 1585
991 1999
1057 1033
424 588
1 1583
1999 903
1508 1
142 2000
806 570
106 610
673 877
1138 788
1 1371
1999 1558
1415 1
787 2000
1845 1656
1047 1397
75 448
850 1354
1 1874
1999 1163
52 1
1067 2000
1291 690
1235 1606
761 204
1803 1265
1 581
1999 1333
1888 1
865 2000
668 658
426 858
1048 1052
1656 1501
1 535
1999 133
327 1
856 2000
1910 1034
626 602
958 503
805 374
1 1559
1999 1486
1066 1
35 2000
1752 1509
805 257
1128 1320
621 1976
1 817
1999 765
1885 1
13 2000
1050 854
398 399
16 1300
1646 1783
1 461
1999 221
1316 1
14 2000
1847 1087
680 1985
180 1732
489 164
1 1099
1999 1934
1262 1
1606 2000
452 505
1514 1002
1306 250
1569 1881
1 514
1999 372
1811 1
703 2000
254 1838
902 1703
1751 1193
1304 908
1 288
1999 812
1609 1
1856 2000
353 243
1637 1117
949 1840
311 1123
1 975
1999 256
758 1
1374 2000
1919 654
1265 1370
402 194
792 596
1 936
1999 1022
1120 1
1855 2000
670 245
1371 59
1481 1206
1061 1309
1 197
1999 1146
869 1
1424 2000
295 519
798 1705
1024 411
1250 1926
1 903
1999 1239
1587 1
739 2000
1783 564
570 1329
98 1605
20 1615
1 1572
1999 1640
515 1
21 2000
1263 1422
1405 1380
1353 1743
348 1830
1 1389
1999 545
483 1
1033 2000
698 750
5 567
1698 1571
1792 1217
1 412
1999 704
1061 1
126 2000
12 1166
744 184
1451 1460
55 81
1 586
1999 1896
264 1
1515 2000
779 1398
1740 1081
1306 773
1152 1376
1 1310
1999 397
1785 1
1042 2000
1280 517
601 18
505 520
1648 577
1 561
1999 291
288 1
1355 2000
1262 379
362 1426
791 726
69 1431
1 570
1999 934
1413 1
261 2000
1879 1836
1893 535
616 624
260 1398
1 1510
1999 1576
1773 1
24 2000
277 251
474 581
327 987
1139 916
1 109
1999 813
151 1
1570 2000
1041 657
244 1201
51 410
455 1696
1 1882
1999 1426
1430 1
1912 2000
531 106
1541 370
552 658
326 1034
1 170
1999 833
1500 1
970 2000
645 1745
718 1893
386 155
888 609
1 474
1999 906
549 1
1037 2000
1213 596
662 1563
599 1963
1973 1382
1 1684
1999 745
1820 1
1539 2000
461 1032
1379 1553
1126 1648
1933 607
1 1077
1999 1882
597 1
1213 2000
1081 636
147 840
74 1807
879 1718
1 1623
1999 1775
813 1
767 2000
148 1708
1578 956
826 1225
154 648
1 1325
1999 731
1900 1
1316 2000
513 1343
1512 1185
1581 753
699 245
1 1205
1999 1468
1283 1
370 2000
1590 1167
806 1343
15 906
233 637
1 1631
1999 997
353 1
1624 2000
994 222
841 1358
1409 1143
160 1759
1 1990
1999 1956
134 1
431 2000
1502 172
1282 1749
265 1614
223 12
1 199
1999 1792
973 1
1076 2000
161 1960
552 715
1732 25
1347 1072
1 1681
1999 1785
1940 1
1598 2000
1670 393
1648 181
1318 49
507 198
1 672
1999 657
1833 1
564 2000
210 1063
337 266
297 979
716 1060
1 690
1999 1352
1505 1
418 2000
1473 1740
406 1784
1725 1171
453 353
1 365
1999 1514
696 1
1877 2000
1813 143
362 693
1910 1907
1849 497
1 1450
1999 169
718 1
1987 2000
254 139
1629 462
474 768
215 1939
1 162
1999 1520
32 1
1293 2000
1043 1221
901 473
1007 1629
1103 1575
1 909
1999 786
933 1
1704 2000
987 1622
1409 621
1786 1959
417 1760
1 1644
1999 1917
782 1
1662 2000
325 1368
807 160
78 1134
1326 1112
1 459
1999 1643
1977 1
178 2000
691 1124
1363 57
1325 470
977 1919
1 1531
1999 1403
1645 1
1138 2000
541 1755
1151 793
277 241
1060 1262
1 1360
1999 1682
753 1
1887 2000
679 1458
217 1490
127 556
1722 1939
1 1388
1999 1467
804 1
1266 2000
1832 1503
982 519
60 155
1138 829
1 1887
1999 1876
1991 1
1719 2000
163 1942
435 1581
1800 1419
1289 1905
1 531
1999 1191
958 1
1434 2000
504 961
19 326
649 601
622 1669
1 23
1999 473
1951 1
300 2000
1692 1652
1147 264
364 241
1838 1473
1 1776
1999 986
241 1
680 2000
52 807
522 746
1591 1685
414 1871
1 1354
1999 957
338 1
521 2000
706 675
606 374
905 1801
1729 1157
1 1949
1999 656
121 1
1477 2000
769 1193
163 442
1022 1007
422 1070
1 903
1999 471
1598 1
403 2000
1645 1632
691 347
780 256
1318 606
1 851
1999 1776
1387 1
61 2000
1187 1087
1420 1982
852 1081
222 660
1 1636
1999 1274
1939 1
299 2000
1710 1126
429 341
897 1814
1655 594
1 1391
1999 638
713 1
1223 2000
1036 460
139 300
1791 924
1971 342
1 1886
1999 1770
857 1
956 2000
123 356
1486 520
1104 1275
911 1871
1 1196
1999 252
1019 1
1134 2000
1408 452
1004 136
1483 1909
348 1635
1 169
1999 1061
1606 1
1795 2000
132 47
114 1374
1607 1558
1553 1671
1 1834
1999 210
44 1
1205 2000
289 1508
932 728
902 789
1514 767
1 1344
1999 723
1032 1
378 2000
1898 884
560 1251
1772 514
1472 776
1 816
1999 1784
1850 1
1411 2000
1047 795
734 388
1150 124
1826 773
1 95
1999 1523
288 1
72 2000
887 277
456 310
854 1604
1994 1623
1 419
1999 694
659 1
1769 2000
63 1637
1854 730
1158 1840
781 882
1 55
1999 1386
225 1
1547 2000
1725 876
1968 610
1575 1604
559 952
1 1521
1999 1335
1923 1
921 2000
733 498
1274 67
1245 1654
1558 1021
1 465
1999 1350
452 1
1444 2000
1511 1367
22 1568
484 1269
401 879
1 1458
1999 936
1963 1
483 2000
1427 1832
904 828
1069 582
920 1363
1 1135
1999 1805
563 1
549 2000
1417 82
740 759
852 379
1398 1640
1 652
1999 426
1158 1
357 2000
1415 1681
1442 943
77 730
1081 209
1 943
1999 990
1956 1
966 2000
1819 1131
613 1667
47 1363
500 1286
1 673
1999 608
587 1
1985 2000
358 1079
1994 1433
733 667
333 1792
1 419
1999 1135
192 1
1920 2000
1560 1049
1333 248
919 754
1783 924
1 346
1999 73
699 1
1488 2000
481 1920
711 152
391 1500
1388 1541
1 1598
1999 1612
876 1
893 2000
1242 954
1420 1660
630 1217
1463 1808
1 1571
1999 1954
1898 1
509 2000
1197 804
1109 1532
1282 990
1127 1530
1 1072
1999 1221
605 1
793 2000
619 1246
1360 704
590 83
1166 1225
1 1908
1999 1857
415 1
55 2000
810 581
1021 1836
579 1027
253 1430
1 804
1999 602
221 1
316 2000
1516 1925
526 268
1199 524
133 1861
1 639
1999 935
302 1
664 2000
357 1899
875 178
327 1570
1148 1863
1 484
1999 1429
1009 1
703 2000
289 245
1118 159
734 787
138 477
1 1268
1999 552
1251 1
1636 2000
99 50
555 479
464 527
181 814
1 233
1999 859
1807 1
1998 2000
1320 1066
466 1198
1200 224
1355 903
1 906
1999 747
1632 1
1678 2000
1624 1540
1158 568
535 754
336 1325
1 1063
1999 1978
37 1
572 2000
404 796
280 1308
94 462
1273 1340
1 1661
1999 1172
1322 1
932 2000
1421 1941
1522 848
1843 1471
1553 114
1 699
1999 824
1960 1
1705 2000
1600 1005
1562 345
280 366
882 1361
1 1184
1999 1796
1782 1
396 2000
1504 1721
61 905
1934 236
1328 1028
1 1990
1999 1911
1782 1
1713 2000
1473 639
1686 816
1434 409
1391 1547
1 869
1999 554
1847 1
267 2000
1105 748
82 1752
630 238
1071 1380
1 538
1999 1971
278 1
1563 2000
157 1010
962 862
1826 1045
1507 140
1 1993
1999 1604
490 1
1992 2000
995 1938
1970 230
1360 420
1696 1266
1 1252
1999 770
645 1
1856 2000
1420 1542
991 939
361 175
1080 887
1 956
1999 279
1769 1
1602 2000
790 502
443 1484
320 641
1332 1976
1 1592
1999 462
281 1
1336 2000
520 453
117 614
373 709
1764 841
1 1357
1999 1987
1069 1
558 2000
1903 286
310 1893
1765 363
1148 131
1 544
1999 962
648 1
1486 2000
1879 1451
1892 1274
1374 1252
1892 1124
1 532
1999 539
771 1
967 2000
274 239
692 95
1670 315
309 215
1 260
1999 764
1758 1
1112 2000
13 1538
111 1734
203 483
1296 1468
1 295
1999 1186
1830 1
460 2000
1096 375
1819 929
535 1420
1267 393
1 673
1999 1311
188 1
1238 2000
91 1529
1906 1364
1917 217
846 1486
1 273
1999 5
1797 1
294 2000
521 547
1886 368
1664 1903
704 1724
1 310
1999 1
1291 1
444 2000
1457 319
1258 970
1870 1554
1968 661
1 494
1999 502
821 1
1833 2000
535 1705
1858 388
207 1064
895 1880
1 1739
1999 930
732 1
1277 2000
523 1978
634 1002
418 1424
1292 686
1 1151
1999 443
1099 1
1282 2000
1852 768
1964 551
875 1656
894 486
1 1894
1999 1521
1811 1
146 2000
1100 467
1770 597
502 1428
1749 1940
1 635
1999 290
1305 1
633 2000
1123 1091
407 1911
1839 1968
203 322
1 162
1999 1374
1267 1
1524 2000
1481 276
1546 1220
832 1841
639 1375
